Car -1 -1 -4.5354 -2528.5087 532.5758 -1257.1468 731.6053 1.6730 1.8670 4.6290 -34.6322 2.7242 11.7919 -4.7462 0.0
Misc -1 -1 -3.7481 3027.1987 302.8500 3945.8261 535.0371 2.0000 1.4050 2.9430 25.0063 0.6169 9.4902 -1.5818 0.0
Car -1 -1 -1.7736 -16.7462 440.4119 97.7955 472.1190 1.6810 2.1040 4.2150 51.0016 1.2196 -51.4350 -4.6927 0.0
Car -1 -1 -4.5744 -1891.8569 532.9897 -1066.1012 660.5646 1.5110 1.8670 4.6890 -40.9397 2.8841 15.9802 -4.7462 0.0
Misc -1 -1 -5.7710 -26160.2606 -262.8883 -8203.8359 1711.5920 2.0000 1.4530 3.0550 25.9695 0.7357 -1.7117 -3.1701 0.0
Car -1 -1 -4.6932 -667.8047 448.5969 -415.4957 499.4663 1.7330 2.0490 4.4090 54.6057 0.5049 -33.8908 -1.5686 0.0
Misc -1 -1 -1.7325 1678.1732 389.1471 1759.0809 421.9419 3.7120 3.0960 7.2620 -90.0092 8.7437 -111.1633 -3.1755 0.0
Car -1 -1 -1.6843 1718.8036 385.9056 1777.8569 403.3768 1.6410 1.8250 4.4410 -80.0986 7.8470 -95.1440 -3.1067 0.0
Car -1 -1 -4.5998 -1245.5601 510.0699 -1040.4253 545.6205 1.7600 1.9900 4.3860 -122.3547 4.5847 54.0892 -4.7403 0.0
Misc -1 -1 -3.6349 2174.2292 376.9396 2406.7126 464.8914 2.0000 1.4050 2.9430 32.1802 0.0335 22.7004 -1.7040 0.0
Car -1 -1 -2.1591 416.6144 395.5531 546.7697 451.6167 1.5610 1.8490 4.7230 15.0669 1.9634 -29.3145 -4.7643 0.0
Misc -1 -1 -6.5259 1936.8758 399.4358 2048.3550 450.3420 2.0000 1.4050 2.9430 42.7504 -0.5658 38.7732 -4.7059 0.0
Car -1 -1 1.5315 -792.3124 273.7774 10.3824 508.7229 1.8580 1.9400 4.3020 12.9350 1.4997 -9.5093 -1.5743 0.0
Car -1 -1 -3.6583 1757.6145 72.8080 2679.6876 385.2392 1.5210 1.7560 4.4410 -9.6727 2.3826 -7.9615 -4.7997 0.0
Pedestrian -1 -1 -4.1369 19026.0686 -4091.9095 55437.6250 -149.7482 1.9170 0.8240 1.2590 -37.6297 3.1808 -1.2831 -4.7021 0.0
Car -1 -1 1.0544 2276.6472 244.5741 2827.4220 367.0633 1.4740 2.1020 4.6280 -23.4624 3.0281 -13.9350 0.0065 0.0
Car -1 -1 -4.0916 1004.6358 427.2534 1117.6743 472.5710 1.6630 1.9240 4.1640 3.6730 0.3360 35.3716 -3.0018 0.0
Car -1 -1 -4.1838 1098.0457 405.6205 1236.7944 455.1832 2.1160 2.3330 5.9440 9.0058 -0.3849 41.8611 -2.9844 0.0
Car -1 -1 -3.7339 557.4720 442.7205 829.2282 524.3425 1.9450 2.2160 6.2660 -6.8026 1.4518 23.6441 -3.0193 0.0
Misc -1 -1 -3.4109 1989.3214 397.4894 2118.5436 454.0514 2.0000 1.4050 2.9430 40.6996 -0.3658 34.8501 -1.5644 0.0
Car -1 -1 -4.3406 1317.7895 382.4762 1397.4520 416.4475 1.9900 1.8410 4.4080 25.0438 -3.0700 59.4660 -2.9496 0.0
Car -1 -1 -4.2696 1189.0587 401.2106 1268.2523 435.9837 1.9900 1.8410 4.4080 15.9236 -1.6985 56.3645 -3.0020 0.0
Car -1 -1 1.1408 2007.9432 264.0324 2423.4155 384.1325 1.6420 1.9370 4.1430 -19.9794 3.0065 -15.0150 -0.0109 0.0
Car -1 -1 -1.5720 -633.8096 496.2665 -534.1287 516.7283 1.6430 1.9830 4.2000 -139.1212 4.6706 83.5972 -1.5895 0.0
Car -1 -1 1.2780 1794.5573 331.8024 2029.5797 401.8508 1.8360 2.1700 4.8350 -27.9314 3.7365 -27.5568 -0.0284 0.0
Car -1 -1 1.2242 1858.7645 304.4708 2147.9755 387.0723 1.6050 2.0440 4.3810 -23.4723 3.4308 -21.1582 -0.0284 0.0
Car -1 -1 -4.6393 -983.9069 507.1211 -864.6408 528.2579 1.7140 2.0390 4.5030 -176.8358 5.9152 87.1212 -4.7403 0.0
Person_sitting -1 -1 -3.2036 -376.5612 501.0856 -333.2972 530.7253 1.2250 0.5390 1.0650 -55.9099 2.8317 39.3978 -3.1444 0.0
Car -1 -1 -3.8222 797.8658 445.1659 934.3358 495.0391 1.6770 1.8410 4.4080 -3.4380 1.0633 32.6244 -2.9356 0.0
Car -1 -1 -4.4340 -2153.1057 452.9724 -1343.5763 616.1464 4.1320 2.7570 7.2150 -77.9363 3.8675 27.2376 -4.6498 0.0
Car -1 -1 -1.5727 -625.6691 494.7162 -534.8194 513.2851 1.6430 1.9830 4.2000 -152.0098 4.7954 91.5498 -1.5895 0.0
Car -1 -1 -1.5720 -613.6911 495.6722 -544.4810 507.8818 1.4020 1.9830 4.2000 -199.3277 5.6410 120.1033 -1.5895 0.0
Car -1 -1 -1.5724 -620.8200 495.2561 -538.9753 511.9713 1.6430 1.9830 4.2000 -168.6888 5.1940 101.6047 -1.5895 0.0
Car -1 -1 -1.8027 1837.2430 366.3447 1920.8805 390.6479 1.6410 1.8250 4.4410 -67.9946 7.1296 -69.2286 -3.1451 0.0
Misc -1 -1 -7.0703 4679.2613 -7.1302 9256.5002 694.2575 2.0000 1.4050 2.9430 23.0620 0.6582 4.1311 -4.7234 0.0
Car -1 -1 -2.9759 1171.5938 299.9550 1360.0451 420.5517 1.6900 1.8490 4.4640 -5.2441 2.5734 -16.9046 -4.7472 0.0
Car -1 -1 -1.9109 121.8059 410.9653 324.8097 481.4187 2.0330 2.0250 5.5890 23.3297 1.5135 -29.6350 -4.7159 0.0
Car -1 -1 -4.6266 -1064.7448 508.1561 -916.8457 533.8325 1.7140 2.0390 4.5030 -151.8736 5.3019 72.3048 -4.7403 0.0
Misc -1 -1 -7.1800 7887.6472 -1351.1350 35919.2014 1112.0504 2.0000 1.4050 2.9430 28.2438 0.5267 2.2343 -4.7234 0.0
Car -1 -1 1.5133 -345.3230 440.4477 -130.7562 490.2369 1.6370 1.9400 4.3020 42.1317 0.7552 -32.7586 -1.5394 0.0
Misc -1 -1 -6.6571 2122.1247 362.2231 2587.5546 540.5187 2.0000 1.4050 3.0550 17.5240 0.8649 11.9794 -4.7409 0.0
Car -1 -1 1.5627 -491.1303 463.9931 -361.1011 490.3436 1.6370 1.9400 4.3020 89.6542 -0.0386 -60.0366 -1.5568 0.0
Car -1 -1 -1.5402 -730.6171 496.9809 -659.1616 509.2285 1.5310 2.0770 4.4800 -233.5394 6.3366 130.8973 -1.5893 0.0
Car -1 -1 1.3368 1754.1871 344.9487 1935.2973 397.3111 1.6770 2.0480 4.6090 -31.5740 4.1316 -33.4840 -0.0109 0.0
Car -1 -1 -3.4745 219.6952 477.1079 500.2695 565.8347 1.5230 1.8840 4.1620 -11.2606 1.7973 17.4751 -3.0367 0.0
Car -1 -1 -4.5937 -1297.3142 511.2308 -1066.2416 549.6864 1.7600 2.1190 4.5200 -116.3892 4.4763 50.5448 -4.7403 0.0
Car -1 -1 1.5389 -684.4388 380.8093 -202.5581 488.8653 1.6370 1.9400 4.3020 24.0641 1.2515 -16.2604 -1.5917 0.0
Car -1 -1 -4.6308 -1035.0912 509.0254 -899.7545 532.7510 1.7140 2.0390 4.5030 -162.3819 5.6622 78.2292 -4.7403 0.0
Car -1 -1 -1.5661 -694.1322 497.3382 -488.7149 541.5022 1.8330 2.0390 4.6690 -74.2942 3.5434 44.5478 -1.5812 0.0
Misc -1 -1 -6.7782 2488.9021 364.0094 2761.8543 453.0721 2.0000 1.4050 2.9430 40.3510 -0.2693 22.7221 -4.7409 0.0
Car -1 -1 -1.5687 -703.5840 499.2363 -469.9138 547.3095 1.7690 2.0070 4.8790 -66.9740 3.4164 40.3240 -1.5812 0.0
Misc -1 -1 -4.0101 4656.9476 151.6917 7174.0189 557.9028 2.0000 1.4050 2.9430 30.6467 0.4652 6.1124 -1.6691 0.0
Misc -1 -1 -2.1874 3408.0520 276.7254 4625.8143 623.3302 2.0000 1.4530 3.0550 19.6137 0.9227 6.1293 0.0239 0.0
Pedestrian -1 -1 -0.5424 2488.1973 201.0872 2689.3277 371.9742 1.8620 0.7700 0.9330 -19.3362 2.9999 -11.1046 -1.5644 0.0
Car -1 -1 -4.6472 -1043.6623 508.7537 -903.8030 533.2629 1.7140 2.0390 4.5030 -157.8989 5.5224 75.8273 -4.7577 0.0
Car -1 -1 -2.3880 721.5176 360.2800 831.5734 437.6827 1.6080 1.7680 4.3390 4.5259 2.3037 -22.9582 -4.6949 0.0
Car -1 -1 -1.5679 -661.5749 500.1372 -499.0635 534.5817 1.6140 1.7940 4.2070 -83.2234 3.6794 50.1969 -1.5812 0.0
Misc -1 -1 -6.5856 2061.9915 394.3140 2168.2695 439.6283 2.0000 1.4050 2.9430 54.4168 -1.1650 44.0737 -4.7059 0.0
Misc -1 -1 -3.9814 5801.8478 -87.3737 11788.6397 635.5845 2.0000 1.4050 2.9430 29.4036 0.4763 4.0520 -1.5818 0.0
Car -1 -1 -1.5679 -641.7239 498.9689 -511.1870 527.9474 1.5610 1.8150 3.6950 -93.5355 3.7923 56.5116 -1.5812 0.0
Car -1 -1 0.9231 243.6218 134.7405 744.5802 449.8402 1.7010 1.8930 4.0970 3.1219 1.8372 -7.2632 -1.5882 0.0
Misc -1 -1 -5.4205 4875.5628 121.8485 8218.6665 802.8557 2.0000 1.4530 3.0550 19.8203 0.9969 3.5464 -3.0828 0.0
Car -1 -1 -1.7073 -632.8025 496.3219 -517.8221 523.2151 1.5970 1.8580 3.5930 -102.2869 3.8524 61.8302 -1.7208 0.0
Car -1 -1 -4.6454 -948.9885 505.8246 -838.8279 525.5122 1.7140 2.0390 4.5030 -185.8847 6.0616 93.0659 -4.7403 0.0
Car -1 -1 -4.5207 1484.7913 370.5199 1535.2529 387.3845 1.6250 1.8410 4.4080 59.7535 -8.4427 102.0323 -2.9915 0.0
Misc -1 -1 -6.8956 3290.3945 306.4486 4091.7899 489.1143 2.0000 1.4050 2.9430 33.5671 0.2814 11.6708 -4.6885 0.0
Car -1 -1 -1.8131 1799.0752 374.6331 1882.3562 399.3649 1.6410 1.8250 4.4410 -63.8209 6.3802 -67.8238 -3.1765 0.0
Car -1 -1 -4.6525 -906.4600 504.1857 -811.6978 521.2617 1.7140 2.0390 4.5030 -208.7933 6.4831 106.5133 -4.7403 0.0
Car -1 -1 -4.6697 -1042.0109 504.9863 -930.3284 524.2030 1.8220 2.4020 4.6340 -211.6427 6.4412 100.9471 -4.7840 0.0
Car -1 -1 -4.6058 -1198.6317 513.6085 -1015.4437 544.5261 1.6030 1.8530 4.2400 -127.5161 4.8127 57.3294 -4.7403 0.0
Misc -1 -1 -6.8401 2797.5876 345.4182 3230.5485 465.7155 2.0000 1.4050 2.9430 36.9836 0.0382 16.9414 -4.7234 0.0
Misc -1 -1 -6.8283 2673.4912 353.0618 3036.5108 460.3137 2.0000 1.4050 2.9430 38.1647 -0.0681 18.9201 -4.7409 0.0
Car -1 -1 -1.7885 1753.7608 374.7102 1839.8903 399.0819 1.5210 1.7560 4.4410 -57.2350 6.0169 -64.0383 -3.1765 0.0
Car -1 -1 -1.7529 -52.7355 446.4458 56.4412 472.6760 1.4700 1.9610 4.2150 56.0590 0.9511 -54.2475 -4.6927 0.0
Misc -1 -1 -3.5770 2238.4366 370.2891 2560.6612 479.3620 2.0000 1.4050 3.2650 28.5913 0.2924 18.7164 -1.6167 0.0
Car -1 -1 -4.3436 -4809.0570 -287.3662 -545.3976 538.5878 1.6980 1.7620 4.6560 11.7130 1.5435 -4.3055 -1.4870 0.0
Car -1 -1 -1.6012 -672.9730 504.4406 -502.7761 536.6116 1.3740 1.6820 4.2260 -78.8667 3.5575 47.3507 -1.6161 0.0
Car -1 -1 -1.5341 -756.4085 497.5498 -681.5371 510.2640 1.5310 2.0770 4.4800 -228.7426 6.2522 126.3784 -1.5893 0.0
Misc -1 -1 -6.8383 2112.7990 380.3421 2319.6758 461.5519 2.0000 1.4050 2.9430 32.9073 -0.0524 24.5669 -4.9328 0.0
Misc -1 -1 -3.8841 3935.4937 250.3590 5423.6577 528.7189 2.0000 1.4050 2.9430 31.4821 0.4692 8.1731 -1.5993 0.0
Car -1 -1 -3.9263 839.2370 442.0159 1002.2206 493.1224 1.5750 2.0300 4.9510 -1.3783 0.9155 30.0519 -2.9844 0.0
Cyclist -1 -1 1.3975 -207.1904 388.0174 -38.4350 489.5528 1.7820 0.8840 1.9690 20.1743 1.3233 -17.3253 -1.6141 0.0
Car -1 -1 -1.5721 -738.0402 401.4917 -463.1685 523.5225 8.3930 3.3060 10.2280 -115.5843 4.1340 69.1118 -1.5910 0.0
Car -1 -1 1.3532 -209.3975 351.7990 189.3228 470.7651 1.5770 1.8360 4.2040 14.6945 1.4796 -14.4492 -1.5917 0.0
Misc -1 -1 -6.5379 1960.1122 398.5867 2080.0827 452.3159 2.0000 1.4050 2.9430 41.5434 -0.4557 36.7051 -4.7059 0.0
Car -1 -1 -2.7225 903.2888 335.0685 1011.6208 426.8224 1.5400 1.8090 4.7600 0.2950 2.4263 -20.0537 -4.8339 0.0
Car -1 -1 -1.5714 -618.2067 495.9998 -545.3518 508.8590 1.4020 1.9830 4.2000 -189.9383 5.4790 114.2513 -1.5895 0.0
Car -1 -1 -1.7184 1684.6134 381.3818 1742.9446 399.1801 1.6410 1.8250 4.4410 -75.3480 8.1740 -93.6282 -3.1625 0.0
Van -1 -1 -1.5425 1594.3985 339.2530 1704.5137 385.9675 3.7120 3.0960 7.2620 60.1871 -6.9785 81.9384 0.0883 0.0
Car -1 -1 -1.7653 1724.6418 379.8607 1798.5743 400.9068 1.5210 1.7560 4.4410 -63.2109 6.5482 -73.8408 -3.1765 0.0
Car -1 -1 -1.5508 -687.5042 497.1030 -620.3709 508.8375 1.5310 2.0770 4.4800 -237.6539 6.5595 136.5689 -1.5893 0.0
Car -1 -1 -1.5667 -650.3431 497.9007 -510.1230 525.6107 1.5360 1.9150 4.2000 -97.7279 3.7987 58.9139 -1.5812 0.0
Misc -1 -1 -3.7211 3088.0090 322.0538 3718.3229 477.1717 2.0000 1.4050 2.9430 34.8316 0.1774 13.4792 -1.5469 0.0
Car -1 -1 -2.5907 1917.4759 476.6712 3773.0594 1472.9844 1.5410 1.8410 5.1740 5.6282 1.6344 4.0292 -0.8238 0.0
Car -1 -1 -1.9391 234.9641 416.4950 365.9062 457.9031 1.4700 1.9610 4.2150 25.3711 1.6943 -35.7090 -4.6927 0.0
Misc -1 -1 -2.3089 549.6603 383.5702 638.7753 460.6316 2.0000 1.5000 3.1060 10.2390 2.0823 -25.8736 -4.8107 0.0
Car -1 -1 -4.6155 -1133.2961 510.1032 -968.9798 538.2742 1.6660 2.0390 4.3100 -139.4553 5.0093 64.4177 -4.7403 0.0
Misc -1 -1 -3.6980 2782.1260 325.2576 3450.4657 512.3210 2.0000 1.4050 2.9430 25.8954 0.5229 11.4226 -1.5818 0.0
Misc -1 -1 -6.4932 2004.4035 375.6546 2304.2527 506.7157 2.0000 1.4050 2.9430 19.8477 0.6608 15.7131 -4.6361 0.0
Car -1 -1 -4.6393 -1095.1595 509.1501 -937.1350 536.4642 1.7140 2.0390 4.5030 -145.3913 5.1876 68.3430 -4.7577 0.0
Misc -1 -1 -6.6170 2077.6296 368.8881 2456.8797 522.6501 2.0000 1.4050 2.9430 18.7104 0.7705 13.5762 -4.7234 0.0
Car -1 -1 -4.6111 -1163.7266 511.1323 -989.3818 541.2291 1.6660 2.0210 4.2400 -132.4707 4.8770 60.4379 -4.7403 0.0
Misc -1 -1 -6.8052 2111.3666 375.7464 2404.2846 490.8902 2.0000 1.4050 2.9430 24.4378 0.4772 17.7301 -4.8979 0.0
Car -1 -1 -3.0068 -1757.2325 439.4920 -1180.4443 540.3716 1.5930 1.8810 4.1800 40.9786 0.3778 -15.7895 -0.0794 0.0
Car -1 -1 -4.6575 -1115.1409 512.5647 -872.4194 554.0199 1.6260 1.8120 4.6910 -93.5052 4.1064 44.5439 -4.7682 0.0
Car -1 -1 -1.5578 -682.5336 493.8253 -581.1850 513.1275 1.8470 2.4110 4.9050 -170.3051 5.1735 99.2641 -1.5893 0.0
Car -1 -1 -4.6488 -833.3287 498.1265 -714.3654 519.4242 1.6860 2.1950 4.5240 -155.5566 4.8786 83.2761 -4.7159 0.0
Car -1 -1 -4.6483 -937.6011 505.5531 -780.2973 534.0994 1.6260 1.7770 4.4360 -121.0374 4.5278 61.8122 -4.7333 0.0
Car -1 -1 -3.0390 160.0611 482.4460 361.4081 557.5763 1.5450 1.8860 4.7870 -16.6994 2.0348 22.0176 -2.6746 0.0
Car -1 -1 -4.6246 -1328.1182 510.0822 -891.3198 590.0511 1.9300 2.0770 4.9510 -61.6343 3.4557 27.8929 -4.7508 0.0
Car -1 -1 -4.2782 -7363.1023 -1422.7612 18184.6914 1307.6080 1.5120 1.8060 4.3910 -25.5241 2.6904 0.8187 -4.7647 0.0
Car -1 -1 -4.6414 -873.7193 497.9373 -740.6532 521.4572 1.6860 2.1950 4.5240 -143.8700 4.5757 75.5856 -4.7159 0.0
Car -1 -1 -4.4888 -2812.8897 553.3455 -1552.9162 727.4665 1.5120 1.8060 4.5610 -41.5971 2.9671 12.7496 -4.7333 0.0
Car -1 -1 -4.6541 -906.4730 500.1821 -755.3259 526.0614 1.6260 2.1950 4.5240 -129.5992 4.3732 67.2096 -4.7333 0.0
Car -1 -1 -4.3874 -5723.0737 613.9785 -2619.7106 982.2662 1.5120 1.8060 4.3910 -39.5930 3.1386 7.8369 -4.7298 0.0
Pedestrian -1 -1 -4.3456 -4375.2223 589.8575 -3782.0766 776.9461 1.8850 0.9460 1.0810 -57.5658 3.4062 10.6466 -4.7079 0.0
Car -1 -1 -1.3548 -5964.5072 547.9857 -1085.4001 1389.6613 1.5550 1.9340 4.2290 -15.0500 2.1370 4.2734 -1.5845 0.0
DontCare -1 -1 -3.6382 2595.8583 305.9872 2639.4221 336.2552 0.7260 0.2500 0.5130 -43.9717 4.1455 -24.7498 -4.6857 0.0
DontCare -1 -1 1.4596 1634.9982 355.7704 1677.3507 394.6581 1.2490 0.9310 0.7640 -23.7587 3.6482 -31.9862 -0.0021 0.0
DontCare -1 -1 -4.4967 -1498.5856 556.3012 -1466.1216 581.5704 0.7920 0.2660 0.3070 -80.1532 3.8498 30.4601 -4.6863 0.0
DontCare -1 -1 1.3863 2075.0351 354.0452 2119.1014 380.5619 1.2270 0.9080 1.0800 -57.0618 5.4518 -46.8911 0.1550 0.0
DontCare -1 -1 -3.9151 1258.5962 374.6002 1283.3994 462.8399 2.9500 1.3100 0.5500 10.4688 -0.0201 31.8065 -2.6183 0.0
DontCare -1 -1 1.5054 1594.0093 378.1621 1626.3599 400.2860 1.2200 1.0670 1.1680 -38.0533 4.9810 -54.8720 -0.0021 0.0
DontCare -1 -1 -1.7965 1721.7168 314.3459 1808.8023 373.1538 1.1370 0.8750 1.1060 -17.0354 3.1047 -19.8223 -3.1687 0.0
DontCare -1 -1 -4.4290 -1756.3083 571.6065 -1702.9527 601.1903 0.7670 0.3890 0.3950 -74.9062 3.7991 25.8549 -4.6481 0.0
DontCare -1 -1 0.2157 -2283.2776 595.6986 -2200.5658 634.5101 0.7850 0.3530 0.5160 -69.9661 3.6983 20.2930 -0.0518 0.0
DontCare -1 -1 -1.3257 -2505.5290 583.1608 -2236.2894 652.9017 1.1960 1.1100 1.1690 -66.6930 3.6706 18.6178 -1.6026 0.0
DontCare -1 -1 0.2065 -2171.2597 582.1539 -2084.8461 627.2150 0.9810 0.4690 0.4190 -72.4359 3.7934 21.7836 -0.0518 0.0
DontCare -1 -1 1.4149 1677.1171 337.4959 1745.5927 385.1320 1.2020 0.9310 1.1280 -20.4195 3.3850 -25.4681 -0.0021 0.0
DontCare -1 -1 1.1395 3154.0734 234.9102 3368.9382 317.4550 1.1520 0.8830 1.0800 -38.1549 3.6676 -15.4781 0.2248 0.0
DontCare -1 -1 1.4929 1607.4197 373.2030 1640.3924 397.4869 1.1720 1.0360 0.9750 -34.1526 4.6273 -48.2229 -0.0021 0.0
DontCare -1 -1 1.2333 2142.6835 348.1994 2192.5815 377.4269 1.2270 0.9080 1.0800 -54.6693 5.1806 -42.2894 0.0328 0.0
DontCare -1 -1 1.4649 1636.0319 361.0440 1673.4590 392.4380 1.1630 0.9310 0.7990 -27.4499 4.0245 -37.0284 -0.0021 0.0
DontCare -1 -1 -4.4845 -1589.4071 561.8215 -1545.1848 589.4830 0.7940 0.3910 0.3560 -76.7358 3.7955 28.1838 -4.6846 0.0
DontCare -1 -1 1.5117 1588.9953 381.4443 1618.9192 402.3805 1.2790 1.1430 1.1680 -41.7088 5.3020 -60.7281 -0.0021 0.0
DontCare -1 -1 0.9360 2787.8001 279.4678 2916.1949 337.7650 1.1130 0.8830 1.0800 -41.0633 3.9128 -20.2533 -0.0545 0.0
DontCare -1 -1 0.2156 -2293.0849 581.3973 -2189.0625 635.7303 1.1010 0.4690 0.5660 -69.5374 3.6920 20.1756 -0.0518 0.0
DontCare -1 -1 1.4807 1618.7841 367.8669 1655.5339 394.4108 1.1280 0.9770 0.9750 -30.7448 4.3219 -42.5571 -0.0021 0.0
DontCare -1 -1 -1.2237 -3023.4309 606.6466 -2721.4964 694.5790 1.2010 1.0600 0.9390 -60.9368 3.5535 14.7860 -1.5327 0.0