Car -1 -1 -4.5310 -2590.6358 539.3790 -1266.4761 749.3717 1.6730 1.8670 4.6290 -33.9477 2.7993 11.4472 -4.7439 0.0
Misc -1 -1 -3.7715 3175.3652 302.4772 4205.9130 548.3722 2.0000 1.4050 2.9430 25.6868 0.6910 9.0420 -1.5795 0.0
Car -1 -1 -1.7710 -17.2859 446.8029 96.3081 478.1907 1.6810 2.1040 4.2150 51.5603 0.8897 -51.9389 -4.6904 0.0
Car -1 -1 -4.5714 -1915.1407 539.5387 -1067.9208 672.6247 1.5110 1.8670 4.6890 -40.2469 2.9858 15.6463 -4.7439 0.0
Misc -1 -1 -5.7858 -17777.3926 -25.9143 -7012.3203 1306.3695 2.0000 1.4530 3.0550 26.6276 0.7346 -2.1624 -3.1678 0.0
Car -1 -1 -4.6932 -659.2995 454.9216 -411.4428 504.9942 1.7330 2.0490 4.4090 55.1996 0.2940 -34.3973 -1.5663 0.0
Misc -1 -1 -1.7266 1672.6286 396.0758 1753.1143 428.5256 3.7120 3.0960 7.2620 -89.6917 7.9620 -111.6240 -3.1732 0.0
Car -1 -1 -1.6804 1711.7561 392.6757 1770.2870 409.9008 1.6410 1.8250 4.4410 -79.8402 7.2063 -95.7301 -3.1073 0.0
Car -1 -1 -4.5989 -1239.5488 515.8353 -1034.2133 552.0010 1.7600 1.9900 4.3860 -121.5861 4.9233 53.9064 -4.7379 0.0
Misc -1 -1 -3.6528 2225.6023 382.4321 2469.9062 472.3296 2.0000 1.4050 2.9430 32.8872 0.1983 22.2415 -1.7017 0.0
Car -1 -1 -2.1465 404.7550 403.0943 535.1752 457.2616 1.5610 1.8490 4.7230 15.6696 1.7738 -29.7527 -4.7620 0.0
Misc -1 -1 -6.5385 1965.8392 405.5651 2081.0023 456.6286 2.0000 1.4050 2.9430 43.4896 -0.2903 38.2969 -4.7036 0.0
Car -1 -1 1.5324 -781.5165 282.4359 8.0085 512.9332 1.8580 1.9400 4.3020 13.1112 1.4589 -9.6490 -1.5720 0.0
Car -1 -1 -3.5156 1562.9182 137.6677 2237.3595 398.3722 1.5210 1.7560 4.4410 -8.1220 2.2998 -8.8506 -4.7939 0.0
Pedestrian -1 -1 -4.1406 15396.9251 -2241.9109 32693.2547 -30.0681 1.9170 0.8240 1.2590 -36.8317 3.1644 -1.7193 -4.7172 0.0
Car -1 -1 1.0797 2206.5530 257.2993 2731.5392 375.1828 1.4740 2.1020 4.6280 -22.8293 2.9327 -14.3042 0.0088 0.0
Car -1 -1 -4.1107 1024.9037 433.5201 1139.6456 479.3890 1.6630 1.9240 4.1640 4.4051 0.5791 34.9659 -2.9995 0.0
Car -1 -1 -4.2005 1116.2390 411.7459 1256.9528 461.3280 2.1160 2.3330 5.9440 9.7512 -0.0967 41.4512 -2.9821 0.0
Car -1 -1 -3.7543 579.7048 449.2502 854.5345 532.3639 1.9450 2.2160 6.2660 -6.0940 1.6135 23.2532 -3.0170 0.0
Misc -1 -1 -3.4244 2021.8607 403.5656 2155.7787 460.3772 2.0000 1.4050 2.9430 41.4309 -0.1172 34.3766 -1.5621 0.0
Car -1 -1 -4.3510 1331.0136 388.7629 1412.0512 422.7928 1.9900 1.8410 4.4080 25.6792 -2.6302 58.8874 -2.9473 0.0
Car -1 -1 -4.2788 1199.9244 407.6325 1280.6806 442.6088 1.9900 1.8410 4.4080 16.3999 -1.2711 55.5928 -2.9997 0.0
Car -1 -1 1.1700 1947.8949 275.8697 2345.2115 391.7108 1.6420 1.9370 4.1430 -19.3483 2.9046 -15.3903 -0.0086 0.0
Car -1 -1 -1.5719 -627.3309 502.1216 -527.7679 522.9238 1.6430 1.9830 4.2000 -138.2937 5.2039 83.4461 -1.5872 0.0
Car -1 -1 1.2977 1764.5891 340.1537 1994.3956 408.6307 1.8360 2.1700 4.8350 -27.3255 3.5483 -27.9200 -0.0261 0.0
Car -1 -1 1.2483 1818.3263 313.9462 2098.8394 394.2355 1.6050 2.0440 4.3810 -22.8536 3.2867 -21.5294 -0.0261 0.0
Car -1 -1 -4.6388 -976.6921 512.8680 -857.6659 534.3316 1.7140 2.0390 4.5030 -176.0015 6.4630 87.0372 -4.7379 0.0
Person_sitting -1 -1 -3.2043 -369.3718 507.4226 -325.9234 537.3803 1.2250 0.5390 1.0650 -55.1704 3.0875 39.0924 -3.1421 0.0
Car -1 -1 -1.6797 1649.9738 398.9028 1697.2710 413.0715 1.6410 1.9130 4.4410 -88.0975 7.9552 -115.6644 -3.1525 0.0
Car -1 -1 -3.8285 806.9953 452.0803 946.1840 503.0964 1.6770 1.8410 4.4080 -3.0044 1.3044 31.9326 -2.9312 0.0
Car -1 -1 -4.4320 -2158.6537 459.5943 -1341.1998 624.5842 4.1320 2.7570 7.2150 -77.2204 4.0363 26.9810 -4.6475 0.0
Car -1 -1 -1.5725 -619.1507 500.5625 -528.4488 519.4327 1.6430 1.9830 4.2000 -151.1665 5.3791 91.4233 -1.5872 0.0
Car -1 -1 -1.5719 -607.1298 501.5021 -538.1060 513.9236 1.4020 1.9830 4.2000 -198.4276 6.4054 120.0639 -1.5872 0.0
Car -1 -1 -1.5722 -614.2856 501.0961 -532.6099 518.0743 1.6430 1.9830 4.2000 -167.8255 5.8413 101.5086 -1.5872 0.0
Car -1 -1 -1.7939 1824.2868 373.6303 1906.6042 397.4477 1.6410 1.8250 4.4410 -67.8029 6.6767 -70.0770 -3.1437 0.0
Misc -1 -1 -7.0933 5120.0044 -85.6643 11200.6228 756.3293 2.0000 1.4050 2.9430 23.7319 0.6958 3.6867 -4.7211 0.0
Car -1 -1 -2.9306 1137.6489 311.2008 1310.6672 426.7032 1.6900 1.8490 4.4640 -4.6167 2.4624 -17.3062 -4.7449 0.0
Car -1 -1 -1.8993 108.9168 419.2134 309.9570 487.8259 2.0330 2.0250 5.5890 24.3580 1.3097 -30.3527 -4.7136 0.0
Car -1 -1 -4.6259 -1057.7986 513.9080 -910.0523 540.0030 1.7140 2.0390 4.5030 -151.0687 5.7560 72.1754 -4.7379 0.0
Misc -1 -1 -7.1968 9043.9221 -3980.8333 88401.9962 2160.4580 2.0000 1.4050 2.9430 28.9099 0.5527 1.7804 -4.7211 0.0
Car -1 -1 1.5180 -342.7492 446.5212 -129.1664 496.0783 1.6370 1.9400 4.3020 42.2519 0.5581 -32.9070 -1.5336 0.0
Misc -1 -1 -6.6905 2209.6156 366.1160 2721.3528 552.1406 2.0000 1.4050 3.0550 18.2095 0.9539 11.5444 -4.7386 0.0
Car -1 -1 1.5630 -485.7879 469.4527 -356.4591 496.1294 1.6370 1.9400 4.3020 89.6033 -0.4049 -60.2180 -1.5545 0.0
Car -1 -1 -1.5399 -723.6407 502.7635 -652.4195 515.2102 1.5310 2.0770 4.4800 -232.6179 7.1654 130.9217 -1.5870 0.0
Car -1 -1 1.3538 1730.1434 352.7589 1907.9576 404.0870 1.6770 2.0480 4.6090 -30.9801 3.9025 -33.8432 -0.0086 0.0
Car -1 -1 -3.4902 241.8002 483.4595 526.5149 575.2928 1.5230 1.8840 4.1620 -10.5645 1.9163 17.0892 -3.0344 0.0
Car -1 -1 -4.5927 -1291.6988 516.9963 -1060.2642 556.1491 1.7600 2.1190 4.5200 -115.6276 4.7925 50.3509 -4.7379 0.0
Car -1 -1 1.5395 -673.6896 389.6385 -205.2365 494.4376 1.6370 1.9400 4.3020 24.6678 1.1524 -16.6961 -1.5894 0.0
Car -1 -1 -4.6303 -1028.0103 514.7750 -892.8727 538.8773 1.7140 2.0390 4.5030 -161.5653 6.1536 78.1182 -4.7379 0.0
Car -1 -1 -1.5660 -688.2621 503.2435 -482.1778 548.3468 1.8330 2.0390 4.6690 -73.5444 3.8294 44.2765 -1.5789 0.0
Misc -1 -1 -6.7927 2547.0904 369.2273 2834.3558 459.4035 2.0000 1.4050 2.9430 41.0581 -0.1024 22.2489 -4.7386 0.0
Car -1 -1 -1.5686 -697.9368 505.1561 -463.2672 554.3577 1.7690 2.0070 4.8790 -66.2326 3.6758 40.0388 -1.5789 0.0
Misc -1 -1 -4.0274 4985.1912 129.0170 7991.9075 580.2687 2.0000 1.4050 2.9430 31.3205 0.5179 5.6541 -1.6668 0.0
Misc -1 -1 -2.2169 3670.3093 269.4029 5082.0182 647.1836 2.0000 1.4530 3.0550 20.2874 0.9729 5.6899 0.0262 0.0
Pedestrian -1 -1 -0.5202 2406.8183 214.7193 2595.2643 380.0745 1.8620 0.7700 0.9330 -18.8023 2.9268 -11.4135 -1.5655 0.0
Car -1 -1 -4.6466 -1036.6409 514.5041 -896.9604 539.4089 1.7140 2.0390 4.5030 -157.0870 5.9987 75.7084 -4.7554 0.0
Car -1 -1 -2.3622 699.1768 368.8687 811.5201 443.5420 1.6080 1.7680 4.3390 5.1412 2.1543 -23.3776 -4.6926 0.0
Car -1 -1 -1.5678 -655.4865 506.0702 -492.6179 541.2177 1.6140 1.7940 4.2070 -82.4624 4.0013 49.9415 -1.5789 0.0
Misc -1 -1 -6.5958 2089.5710 400.4354 2198.9730 445.8500 2.0000 1.4050 2.9430 55.1666 -0.8510 43.5780 -4.7036 0.0
Misc -1 -1 -3.9986 6359.5832 -188.5698 14403.5055 689.4139 2.0000 1.4050 2.9430 30.0733 0.5148 3.5961 -1.5795 0.0
Car -1 -1 -1.5678 -635.4802 504.9047 -504.7841 534.4096 1.5610 1.8150 3.6950 -92.7620 4.1542 56.2757 -1.5789 0.0
Car -1 -1 0.9354 236.1283 145.6470 736.7456 453.1477 1.7010 1.8930 4.0970 3.2248 1.8049 -7.3450 -1.5859 0.0
Misc -1 -1 -5.4476 5469.7113 68.9396 9896.3889 882.0138 2.0000 1.4530 3.0550 20.4888 1.0297 3.1061 -3.0805 0.0
Car -1 -1 -1.7072 -626.4701 502.2279 -511.4189 529.5959 1.5970 1.8580 3.5930 -101.5027 4.2480 61.6114 -1.7185 0.0
Car -1 -1 -4.6450 -941.7379 511.5725 -831.8300 531.5607 1.7140 2.0390 4.5030 -185.0385 6.6473 92.9988 -4.7379 0.0
Car -1 -1 -4.5266 1494.5099 376.7908 1545.5350 393.6166 1.6250 1.8410 4.4080 60.4665 -7.7027 101.3894 -2.9892 0.0
Misc -1 -1 -6.9127 3425.3387 307.6367 4306.4850 499.0348 2.0000 1.4050 2.9430 34.2520 0.3722 11.2077 -4.6862 0.0
Car -1 -1 -4.3934 1242.0210 406.8776 1335.6420 440.2149 1.6930 1.8410 4.4080 17.2852 -1.2694 49.8067 -3.0695 0.0
Car -1 -1 -1.8054 1787.0374 381.6948 1869.3027 406.0095 1.6410 1.8250 4.4410 -63.4620 5.9254 -68.4225 -3.1759 0.0
Car -1 -1 -4.6522 -899.1185 509.9305 -804.6266 527.2595 1.7140 2.0390 4.5030 -207.9204 7.1538 106.4887 -4.7379 0.0
Car -1 -1 -4.6692 -1034.2473 510.6879 -922.8960 530.1827 1.8220 2.4020 4.6340 -210.7808 7.0737 100.9290 -4.7817 0.0
Car -1 -1 -4.6050 -1192.4077 519.3918 -1009.1147 550.8534 1.6030 1.8530 4.2400 -126.7411 5.1719 57.1546 -4.7379 0.0
Misc -1 -1 -6.8559 2881.5000 349.6305 3344.3920 473.6725 2.0000 1.4050 2.9430 37.6791 0.1654 16.4730 -4.7211 0.0
Misc -1 -1 -6.8437 2746.5359 357.7313 3132.0940 467.4006 2.0000 1.4050 2.9430 38.8641 0.0727 18.4500 -4.7386 0.0
Car -1 -1 -1.7718 1741.0808 381.8452 1826.3243 405.7289 1.5210 1.7560 4.4410 -56.8983 5.5911 -64.6829 -3.1676 0.0
Car -1 -1 -1.7507 -52.6295 452.7526 55.6315 478.7282 1.4700 1.9610 4.2150 56.6122 0.6035 -54.7604 -4.6904 0.0
Misc -1 -1 -3.5974 2300.2869 375.4322 2643.0554 487.4743 2.0000 1.4050 3.2650 29.2903 0.4294 18.2631 -1.6144 0.0
Car -1 -1 -4.3422 -4314.0809 -194.5016 -546.8480 534.7040 1.6980 1.7620 4.6560 12.1555 1.5320 -4.5677 -1.4742 0.0
Car -1 -1 -1.6010 -667.0074 510.4005 -496.3395 543.3256 1.3740 1.6820 4.2260 -78.1114 3.8612 47.0866 -1.6138 0.0
Car -1 -1 -1.5339 -749.3628 503.3266 -674.7327 516.2477 1.5310 2.0770 4.4800 -227.8300 7.0518 126.3940 -1.5870 0.0
Misc -1 -1 -6.8557 2159.6191 385.9798 2375.9477 468.5816 2.0000 1.4050 2.9430 33.6180 0.1251 24.1071 -4.9305 0.0
Misc -1 -1 -3.9017 4153.1685 244.6391 5852.7474 543.5081 2.0000 1.4050 2.9430 32.1601 0.5360 7.7131 -1.5970 0.0
Car -1 -1 -3.9469 860.5863 448.4927 1024.9327 500.3315 1.5750 2.0300 4.9510 -0.6570 1.1216 29.6522 -2.9821 0.0
Cyclist -1 -1 1.4030 -206.4667 394.8473 -39.8311 494.7839 1.7820 0.8840 1.9690 20.4848 1.2227 -17.5841 -1.6083 0.0
Car -1 -1 -1.5721 -730.9132 407.7733 -456.2641 530.1172 8.3930 3.3060 10.2280 -114.7837 4.5758 68.9445 -1.5887 0.0
Car -1 -1 1.3569 -209.7285 359.8835 184.0777 476.7136 1.5770 1.8360 4.2040 14.9787 1.3975 -14.6725 -1.5894 0.0
Misc -1 -1 -6.5510 1990.8076 404.6915 2114.9413 458.6217 2.0000 1.4050 2.9430 42.2784 -0.1944 36.2305 -4.7036 0.0
Car -1 -1 -2.6875 879.2079 344.7820 978.5901 432.7844 1.5400 1.8090 4.7600 0.9161 2.2954 -20.4658 -4.8316 0.0
Car -1 -1 -1.5713 -611.6473 501.8321 -538.9758 514.9166 1.4020 1.9830 4.2000 -189.0499 6.2063 114.1944 -1.5872 0.0
Car -1 -1 -1.7111 1677.2074 388.3006 1735.0658 405.8396 1.6410 1.8250 4.4410 -75.0600 7.5338 -94.2323 -3.1602 0.0
Van -1 -1 -1.5531 1607.4041 344.5978 1717.7782 390.9348 3.7120 3.0960 7.2620 61.5213 -6.5490 82.1744 0.0871 0.0
Car -1 -1 -1.7563 1714.2195 386.8260 1787.3615 407.5122 1.5210 1.7560 4.4410 -62.8809 6.0543 -74.4666 -3.1742 0.0
Car -1 -1 -1.5506 -680.6724 502.8965 -613.7601 514.8216 1.5310 2.0770 4.4800 -236.7211 7.4255 136.5999 -1.5870 0.0
Car -1 -1 -1.5666 -644.0677 503.7996 -503.7187 532.0570 1.5360 1.9150 4.2000 -96.9496 4.1758 58.6862 -1.5789 0.0
Misc -1 -1 -3.7377 3200.2110 324.6691 3885.0482 486.0653 2.0000 1.4050 2.9430 35.5202 0.2807 13.0142 -1.5446 0.0
Car -1 -1 -2.6414 2033.5021 480.8525 4321.8242 1554.5556 1.5410 1.8410 5.1740 6.2429 1.6614 3.9178 -0.8040 0.0
Car -1 -1 -1.9321 228.5775 423.4123 358.8027 463.5781 1.4700 1.9610 4.2150 25.9610 1.4641 -36.1662 -4.6904 0.0
Misc -1 -1 -2.2915 533.7701 391.2738 623.5733 466.6303 2.0000 1.5000 3.1060 10.8486 1.9147 -26.3013 -4.8084 0.0
Car -1 -1 -4.6147 -1126.6187 515.8669 -962.3581 544.5075 1.6660 2.0390 4.3100 -138.6661 5.4133 64.2655 -4.7379 0.0
Misc -1 -1 -3.7208 2898.9535 327.2927 3634.9778 523.1772 2.0000 1.4050 2.9430 26.5798 0.6102 10.9733 -1.5795 0.0
Misc -1 -1 -6.5218 2070.0036 380.6067 2393.6902 515.8580 2.0000 1.4050 2.9430 20.5406 0.7755 15.2748 -4.6338 0.0
Car -1 -1 -4.6387 -1088.3435 514.9033 -930.4249 542.6726 1.7140 2.0390 4.5030 -144.5943 5.6166 68.2016 -4.7554 0.0
Misc -1 -1 -6.6480 2154.8419 373.3402 2567.4945 532.8398 2.0000 1.4050 2.9430 19.3990 0.8705 13.1394 -4.7211 0.0
Car -1 -1 -4.6103 -1157.2734 516.9063 -982.9073 547.5100 1.6660 2.0210 4.2400 -131.6895 5.2559 60.2727 -4.7379 0.0
Misc -1 -1 -6.8288 2173.7291 380.9227 2485.1438 499.3308 2.0000 1.4050 2.9430 25.1348 0.6066 17.2838 -4.8956 0.0
Car -1 -1 -3.0102 -1709.1462 445.9132 -1155.3904 543.5740 1.5930 1.8810 4.1800 41.6086 0.2855 -16.2690 -0.0771 0.0
Car -1 -1 -4.6562 -1114.6348 518.5794 -868.2635 561.4141 1.6260 1.8120 4.6910 -91.9335 4.3688 43.8519 -4.7659 0.0
Car -1 -1 -1.5533 -675.1672 499.6117 -574.5527 519.1140 1.8470 2.4110 4.9050 -170.3088 5.8233 99.7025 -1.5826 0.0
Car -1 -1 -4.6481 -828.2625 504.0306 -708.7524 525.8100 1.6860 2.1950 4.5240 -154.0057 5.3964 82.7008 -4.7136 0.0
Car -1 -1 -4.6474 -933.3267 511.4464 -775.0616 540.6734 1.6260 1.7770 4.4360 -119.7540 4.9081 61.3182 -4.7310 0.0
Car -1 -1 -3.0326 165.3441 489.0780 369.2655 567.4731 1.5450 1.8860 4.7870 -16.1863 2.1927 21.5364 -2.6635 0.0
Car -1 -1 -4.6224 -1336.8807 516.1716 -889.5366 599.3443 1.9300 2.0770 4.9510 -60.3520 3.6198 27.2784 -4.7485 0.0
Car -1 -1 -4.2516 -9849.3936 -702.2334 11312.7944 1617.9154 1.5120 1.8060 4.3910 -24.0312 2.6743 0.0103 -4.7659 0.0
Car -1 -1 -4.6407 -868.5774 503.7865 -734.9579 527.8252 1.6860 2.1950 4.5240 -142.4969 5.0439 75.0948 -4.7136 0.0
Car -1 -1 -4.4829 -2911.3907 561.1491 -1577.6168 747.4599 1.5120 1.8060 4.5610 -40.6427 3.0411 12.2544 -4.7310 0.0
Car -1 -1 -4.6534 -901.3709 506.0150 -749.5492 532.4861 1.6260 2.1950 4.5240 -128.3295 4.7881 66.7546 -4.7310 0.0
Car -1 -1 -4.3782 -6475.3502 629.1072 -2768.2542 1066.7830 1.5120 1.8060 4.3910 -38.2397 3.1709 7.0996 -4.7310 0.0
Pedestrian -1 -1 -4.3395 -4521.6676 599.7612 -3891.9399 795.9989 1.8850 0.9460 1.0810 -56.7220 3.4649 10.2329 -4.7056 0.0
Car -1 -1 -1.3582 -5832.2411 556.0897 -1075.7969 1395.6550 1.5550 1.9340 4.2290 -15.0887 2.1977 4.3212 -1.5857 0.0
DontCare -1 -1 -3.6243 2551.6642 314.6222 2593.6998 344.3119 0.7260 0.2500 0.5130 -43.3606 3.9722 -25.0882 -4.6834 0.0
DontCare -1 -1 1.4796 1610.4809 363.3623 1651.5976 401.5885 1.2490 0.9310 0.7640 -23.1617 3.4312 -32.3594 0.0002 0.0
DontCare -1 -1 -4.4949 -1498.0013 562.9253 -1465.2890 588.4892 0.7920 0.2660 0.3070 -79.4319 4.0395 30.1947 -4.6840 0.0
DontCare -1 -1 1.3967 2056.5855 361.2749 2099.9325 387.4574 1.2270 0.9080 1.0800 -56.4950 5.1263 -47.2098 0.1573 0.0
DontCare -1 -1 -3.9370 1284.2452 380.1029 1308.7612 469.4991 2.9500 1.3100 0.5500 11.1942 0.2007 31.3948 -2.6160 0.0
DontCare -1 -1 1.5174 1580.8406 385.0850 1612.7153 406.9333 1.2200 1.0670 1.1680 -37.5023 4.6064 -55.2253 0.0002 0.0
DontCare -1 -1 -1.7662 1679.6306 323.5379 1763.2379 380.8374 1.1370 0.8750 1.1060 -16.4141 2.9712 -20.2060 -3.1664 0.0
DontCare -1 -1 -4.4267 -1759.7133 578.5293 -1705.8075 608.5530 0.7670 0.3890 0.3950 -74.1940 3.9590 25.5794 -4.6458 0.0
DontCare -1 -1 0.2187 -2296.9276 603.2623 -2212.9371 642.7664 0.7850 0.3530 0.5160 -69.2650 3.8221 20.0085 -0.0495 0.0
DontCare -1 -1 -1.3226 -2525.3518 590.5622 -2251.0416 661.9205 1.1960 1.1100 1.1690 -65.9951 3.7838 18.3287 -1.6002 0.0
DontCare -1 -1 0.2093 -2181.6384 589.3765 -2093.9622 635.1901 0.9810 0.4690 0.4190 -71.7318 3.9266 21.5042 -0.0495 0.0
DontCare -1 -1 1.4392 1645.3180 345.6951 1711.6038 392.3475 1.2020 0.9310 1.1280 -19.8096 3.2126 -25.8465 0.0002 0.0
DontCare -1 -1 1.1549 3072.0685 246.7265 3276.2896 326.7564 1.1520 0.8830 1.0800 -37.5251 3.5582 -15.8235 0.2271 0.0
DontCare -1 -1 1.5065 1592.0427 380.2431 1624.4223 404.1979 1.1720 1.0360 0.9750 -33.5883 4.2984 -48.5818 0.0002 0.0
DontCare -1 -1 1.2443 2121.4467 355.5631 2170.5083 384.4164 1.2270 0.9080 1.0800 -54.0932 4.8867 -42.6111 0.0351 0.0
DontCare -1 -1 1.4823 1615.0971 368.4118 1651.6033 399.3155 1.1630 0.9310 0.7990 -26.8631 3.7726 -37.3970 0.0002 0.0
DontCare -1 -1 -4.4825 -1590.3708 568.5716 -1545.7658 596.5972 0.7940 0.3910 0.3560 -76.0190 3.9707 27.9121 -4.6823 0.0
DontCare -1 -1 1.5227 1577.3475 388.2951 1606.8673 408.9836 1.2790 1.1430 1.1680 -41.1696 4.8871 -61.0758 0.0002 0.0
DontCare -1 -1 0.9507 2730.6573 289.1725 2854.6985 346.0754 1.1130 0.8830 1.0800 -40.4430 3.7706 -20.5946 -0.0522 0.0
DontCare -1 -1 0.2185 -2306.9299 588.7471 -2201.2450 644.0422 1.1010 0.4690 0.5660 -68.8365 3.8150 19.8916 -0.0495 0.0
DontCare -1 -1 1.4960 1600.9761 375.0437 1636.9870 401.1999 1.1280 0.9770 0.9750 -30.1692 4.0320 -42.9211 0.0002 0.0
DontCare -1 -1 -1.2198 -3062.5664 615.0193 -2752.7456 705.4532 1.2010 1.0600 0.9390 -60.2466 3.6423 14.4863 -1.5304 0.0