Car -1 -1 -4.5310 4836.8661 643.6110 9732.3213 1163.6227 1.6730 1.8670 4.6290 36.2906 2.6159 6.2542 -4.7439 0.0
Misc -1 -1 -3.7715 1605.2506 530.0565 1757.1361 620.3991 2.0000 1.4050 2.9430 -16.2336 0.2557 -22.0678 -1.5795 0.0
Car -1 -1 -1.7710 -3382.8370 560.9840 -2327.2156 670.7719 1.6810 2.1040 4.2150 -69.6086 2.0821 17.1230 -4.6904 0.0
Car -1 -1 -4.5714 5870.8862 677.6404 12773.5515 1266.3359 1.5110 1.8670 4.6890 43.8523 2.7146 5.8566 -4.7439 0.0
Misc -1 -1 -5.7858 2442.4701 494.2416 2840.3944 647.2900 2.0000 1.4530 3.0550 -22.7619 0.6189 -12.9204 -3.1678 0.0
Car -1 -1 -4.6932 -23971.1175 94.4183 31247.4685 912.1045 1.7330 2.0490 4.4090 -63.7889 0.9585 0.2063 -1.5663 0.0
Misc -1 -1 -1.7266 1108.2978 593.5677 1159.9774 619.7091 3.7120 3.0960 7.2620 21.4457 11.6453 140.3388 -3.1732 0.0
Car -1 -1 -1.6804 1135.0075 607.8402 1171.0914 621.5719 1.6410 1.8250 4.4410 21.0813 10.3759 121.6708 -3.1073 0.0
Car -1 -1 -4.5989 8398.4735 665.5855 11170.5409 844.3396 1.7600 1.9900 4.3860 133.3407 3.9820 14.4516 -4.7379 0.0
Misc -1 -1 -3.6528 1349.9833 557.4593 1423.7290 611.2082 2.0000 1.4050 2.9430 -15.6914 -0.6584 -37.0740 -1.7017 0.0
Car -1 -1 -2.1465 -890.3001 588.9884 -327.9336 709.3815 1.5610 1.8490 4.7230 -27.4141 2.5168 16.3565 -4.7620 0.0
Misc -1 -1 -6.5385 1248.2993 568.4938 1285.5592 603.8926 2.0000 1.4050 2.9430 -16.6163 -1.6695 -56.2715 -4.7036 0.0
Car -1 -1 1.5324 -4832.7754 -323.6713 9420.5294 1138.5535 1.8580 1.9400 4.3020 -14.9547 1.6330 0.3945 -1.5720 0.0
Car -1 -1 -3.5156 1187.2429 617.4202 1521.4786 831.1046 1.5210 1.7560 4.4410 3.7182 2.5652 10.5261 -4.7939 0.0
Pedestrian -1 -1 -4.1406 2489.0563 610.7111 2633.1283 712.3536 1.9170 0.8240 1.2590 32.0526 3.3780 19.0318 -4.7172 0.0
Car -1 -1 1.0797 1433.1855 618.3387 1675.1639 689.3122 1.4740 2.1020 4.6280 13.5862 3.4355 22.7044 0.0088 0.0
Car -1 -1 -4.1107 495.7081 554.7988 634.5984 603.8095 1.6630 1.9240 4.1640 15.2977 -0.4926 -33.4778 -2.9995 0.0
Car -1 -1 -4.2005 603.8467 571.2967 753.0478 622.7313 2.1160 2.3330 5.9440 14.0049 -1.3850 -41.7620 -2.9821 0.0
Car -1 -1 -3.7543 -165.4871 489.0404 243.4732 598.0753 1.9450 2.2160 6.2660 18.3563 0.9377 -18.0801 -3.0170 0.0
Misc -1 -1 -3.4244 1273.5446 565.5261 1315.5510 603.8532 2.0000 1.4050 2.9430 -16.8457 -1.3717 -51.8562 -1.5621 0.0
Car -1 -1 -4.3510 824.9928 605.0151 894.1379 636.8264 1.9900 1.8410 4.4080 9.1850 -4.5090 -64.8087 -2.9473 0.0
Car -1 -1 -4.2788 699.3504 589.3784 779.7452 624.4824 1.9900 1.8410 4.4080 15.4955 -3.0048 -57.2773 -2.9997 0.0
Car -1 -1 1.1700 1316.3083 613.9902 1530.9080 693.9903 1.6420 1.9370 4.1430 10.0385 3.4201 21.8613 -0.0086 0.0
Car -1 -1 -1.5719 -513812.2485 -10446.7869 -32262.9932 160.8838 1.6430 1.9830 4.2000 162.7890 3.4965 -2.4120 -1.5872 0.0
Car -1 -1 1.2977 1190.6445 606.3583 1329.6232 658.5938 1.8360 2.1700 4.8350 10.5075 4.4699 36.6843 -0.0261 0.0
Car -1 -1 1.2483 1231.6398 615.8375 1395.7582 675.2161 1.6050 2.0440 4.3810 9.9223 3.9990 28.9163 -0.0261 0.0
Car -1 -1 -4.6388 12428.5095 724.2313 17029.8369 936.2272 1.7140 2.0390 4.5030 197.0569 4.8549 13.7194 -4.7379 0.0
Person_sitting -1 -1 -3.2043 -9056.7891 219.6978 -8133.6143 408.7353 1.2250 0.5390 1.0650 68.6540 2.2173 -6.6762 -3.1421 0.0
Car -1 -1 -1.6797 1093.7100 606.8902 1124.2698 618.5389 1.6410 1.9130 4.4410 18.0123 11.7470 142.9973 -3.1525 0.0
Car -1 -1 -3.8285 207.5320 528.5874 391.1594 589.1668 1.6770 1.8410 4.4080 20.1274 0.3604 -27.1079 -2.9312 0.0
Car -1 -1 -4.4320 4997.0758 500.6862 7806.8120 841.5513 4.1320 2.7570 7.2150 81.4399 3.6360 14.9640 -4.6475 0.0
Car -1 -1 -1.5725 -284056.5353 -5049.1401 -33200.0503 181.0466 1.6430 1.9830 4.2000 177.9314 3.5100 -2.6999 -1.5872 0.0
Car -1 -1 -1.5719 -197810.3733 -2820.2245 -39566.0433 94.8492 1.4020 1.9830 4.2000 233.1987 3.9612 -3.2119 -1.5872 0.0
Car -1 -1 -1.5722 -242381.2014 -4081.6889 -35636.2032 145.2307 1.6430 1.9830 4.2000 197.4083 3.7698 -2.8744 -1.5872 0.0
Car -1 -1 -1.7939 1204.5783 614.4758 1253.4224 632.4066 1.6410 1.8250 4.4410 23.8217 9.0378 93.4935 -3.1437 0.0
Misc -1 -1 -7.0933 1851.4947 515.1577 2108.1831 639.2530 2.0000 1.4050 2.9430 -17.2865 0.4263 -16.4675 -4.7211 0.0
Car -1 -1 -2.9306 689.4765 605.9889 851.0845 741.6002 1.6900 1.8490 4.4640 -3.6106 2.9540 15.9985 -4.7449 0.0
Car -1 -1 -1.8993 -2497.9732 540.6721 -1094.8595 736.5497 2.0330 2.0250 5.5890 -35.1957 2.0233 12.4490 -4.7136 0.0
Car -1 -1 -4.6259 10696.6930 699.7417 14606.6446 900.9057 1.7140 2.0390 4.5030 168.0252 4.4442 13.7812 -4.7379 0.0
Misc -1 -1 -7.1968 2072.6897 523.5478 2353.8197 639.8709 2.0000 1.4050 2.9430 -22.7133 0.3105 -17.4690 -4.7211 0.0
Car -1 -1 1.5180 -13430.6615 433.7425 -5198.4337 889.1397 1.6370 1.9400 4.3020 -51.8927 1.2493 5.5290 -1.5336 0.0
Misc -1 -1 -6.6905 1322.0730 517.6237 1447.8993 616.2412 2.0000 1.4050 3.0550 -8.5243 0.4864 -20.4079 -4.7386 0.0
Car -1 -1 1.5630 -35864.6892 259.2837 -13068.1002 826.5744 1.6370 1.9400 4.3020 -106.5583 0.8223 4.8504 -1.5545 0.0
Car -1 -1 -1.5399 35916.4396 939.7255 95294.5044 2161.6239 1.5310 2.0770 4.4800 268.1469 4.5910 4.8923 -1.5870 0.0
Car -1 -1 1.3538 1165.0519 611.1086 1274.2062 651.1411 1.6770 2.0480 4.6090 10.6297 5.0154 43.6307 -0.0086 0.0
Car -1 -1 -3.4902 -1024.7097 398.0381 -408.3515 549.5458 1.5230 1.8840 4.1620 19.0565 1.4432 -10.5087 -3.0344 0.0
Car -1 -1 -4.5927 7971.6397 661.6256 10688.0805 841.0475 1.7600 2.1190 4.5200 126.4011 3.9221 14.4686 -4.7379 0.0
Car -1 -1 1.5395 -9207.3612 -326.3392 17996.9248 1049.0899 1.6370 1.9400 4.3020 -28.4919 1.4685 0.5589 -1.5894 0.0
Car -1 -1 -4.6303 11243.5791 713.4901 15279.9194 915.8568 1.7140 2.0390 4.5030 180.0881 4.7261 14.0222 -4.7379 0.0
Car -1 -1 -1.5660 -19026.8460 -118.5583 145180.4511 5411.3466 1.8330 2.0390 4.6690 87.1064 2.9079 -1.7708 -1.5789 0.0
Misc -1 -1 -6.7927 1470.5816 563.4438 1540.1891 611.8718 2.0000 1.4050 2.9430 -22.7161 -1.0034 -41.2438 -4.7386 0.0
Car -1 -1 -1.5686 -16293.0784 -73.7455 126951.2226 5144.0753 1.7690 2.0070 4.8790 78.6546 2.8377 -1.8578 -1.5789 0.0
Misc -1 -1 -4.0274 1864.2831 534.7803 2058.2889 625.5394 2.0000 1.4050 2.9430 -22.8089 0.1504 -22.0278 -1.6668 0.0
Misc -1 -1 -2.2169 1629.4003 502.2102 1870.8177 620.9059 2.0000 1.4530 3.0550 -13.2994 0.6638 -16.4381 0.0262 0.0
Pedestrian -1 -1 -0.5202 1551.8100 614.5850 1621.6985 716.3159 1.8620 0.7700 0.9330 11.5993 3.3240 18.1643 -1.5655 0.0
Car -1 -1 -4.6466 11093.5106 709.2627 15112.0093 914.4359 1.7140 2.0390 4.5030 175.0059 4.6169 13.8110 -4.7554 0.0
Car -1 -1 -2.3622 -66.7874 600.2097 274.5921 724.8430 1.6080 1.7680 4.3390 -15.1033 2.7692 16.2428 -4.6926 0.0
Car -1 -1 -1.5678 -20915.9920 -116.7634 16663593.3080 510746.6637 1.6140 1.7940 4.2070 97.6679 2.9637 -2.0908 -1.5789 0.0
Misc -1 -1 -6.5958 1309.0918 574.9493 1343.1192 604.9546 2.0000 1.4050 2.9430 -23.9662 -2.4462 -66.7565 -4.7036 0.0
Misc -1 -1 -3.9986 1965.5620 530.6508 2196.0601 633.1693 2.0000 1.4050 2.9430 -22.7871 0.2137 -19.6224 -1.5795 0.0
Car -1 -1 -1.5678 -241194.7782 -5997.2524 -23507.0345 220.4555 1.5610 1.8150 3.6950 109.7588 2.9887 -2.2799 -1.5789 0.0
Car -1 -1 0.9354 -3151.6351 586.2210 256.2847 1856.7943 1.7010 1.8930 4.0970 -5.2745 1.9656 3.4526 -1.5859 0.0
Misc -1 -1 -5.4476 1809.7009 486.8910 2112.8523 624.6455 2.0000 1.4530 3.0550 -14.7911 0.7944 -14.3220 -3.0805 0.0
Car -1 -1 -1.7072 -227390.6638 -5087.5864 -24719.5544 244.8407 1.5970 1.8580 3.5930 119.9991 2.9750 -2.4052 -1.7185 0.0
Car -1 -1 -4.6450 13462.0357 733.9194 18697.7533 959.9322 1.7140 2.0390 4.5030 207.8724 4.9152 13.2050 -4.7379 0.0
Car -1 -1 -4.5266 966.2389 626.7178 1002.5746 641.3573 1.6250 1.8410 4.4080 0.9197 -10.9994 -118.9554 -2.9892 0.0
Misc -1 -1 -6.9127 1673.7537 546.9796 1795.6331 616.9765 2.0000 1.4050 2.9430 -22.4958 -0.1721 -28.2933 -4.6862 0.0
Car -1 -1 -4.3934 740.3631 590.6743 826.2411 623.1885 1.6930 1.8410 4.4080 11.7805 -2.8401 -52.7568 -3.0695 0.0
Car -1 -1 -1.8054 1183.2503 608.9017 1233.8811 627.5688 1.6410 1.8250 4.4410 20.9263 8.2154 89.8761 -3.1759 0.0
Car -1 -1 -4.6522 14995.4711 747.2701 20812.5432 977.2559 1.7140 2.0390 4.5030 234.4384 5.1541 13.2805 -4.7379 0.0
Car -1 -1 -4.6692 10946.7237 687.1188 13658.4761 826.7562 1.8220 2.4020 4.6340 234.0588 5.2507 19.5211 -4.7817 0.0
Car -1 -1 -4.6050 8856.0003 686.6109 11709.7255 860.5837 1.6030 1.8530 4.2400 139.4338 4.1642 14.2852 -4.7379 0.0
Misc -1 -1 -6.8559 1560.9319 555.7991 1651.5546 613.2916 2.0000 1.4050 2.9430 -22.7567 -0.5500 -34.5623 -4.7211 0.0
Misc -1 -1 -6.8437 1526.5663 558.7355 1609.3769 612.7633 2.0000 1.4050 2.9430 -22.7673 -0.7064 -36.8638 -4.7386 0.0
Car -1 -1 -1.7718 1156.9631 610.2276 1210.8331 628.9576 1.5210 1.7560 4.4410 17.1883 7.7374 83.3204 -3.1676 0.0
Car -1 -1 -1.7507 -3783.4718 560.1279 -2638.4182 657.5208 1.4700 1.9610 4.2150 -75.3956 1.8505 16.9765 -4.6904 0.0
Misc -1 -1 -3.5974 1377.3492 549.7311 1465.7825 612.2965 2.0000 1.4050 3.2650 -14.6274 -0.2925 -31.8249 -1.6144 0.0
Car -1 -1 -4.3422 2711.7911 -800.0107 11453.0742 656.5441 1.6980 1.7620 4.6560 -11.5383 1.5640 -3.4864 -1.4742 0.0
Car -1 -1 -1.6010 -21122.8451 -140.7499 387997.0110 12725.7823 1.3740 1.6820 4.2260 92.4680 2.8830 -1.8548 -1.6138 0.0
Car -1 -1 -1.5339 29306.5193 871.7096 60367.4853 1584.8915 1.5310 2.0770 4.4800 261.7176 4.5828 6.3421 -1.5870 0.0
Misc -1 -1 -6.8557 1323.0509 559.6778 1395.0845 610.8688 2.0000 1.4050 2.9430 -15.3681 -0.7896 -39.0484 -4.9305 0.0
Misc -1 -1 -3.9017 1779.3652 537.3418 1940.3772 619.1544 2.0000 1.4050 2.9430 -22.4794 0.1042 -24.2264 -1.5970 0.0
Car -1 -1 -3.9469 284.8551 532.9899 496.6856 591.7117 1.5750 2.0300 4.9510 16.9431 0.2311 -26.3417 -2.9821 0.0
Cyclist -1 -1 1.4030 -8767.2983 467.7738 -4216.5260 1142.8015 1.7820 0.8840 1.9690 -25.3479 1.5871 3.4557 -1.6083 0.0
Car -1 -1 -1.5721 -17157.0016 -1003.8406 40657.0968 1475.7590 8.3930 3.3060 10.2280 135.1652 3.1619 -1.9355 -1.5887 0.0
Car -1 -1 1.3569 -10349.2125 562.2091 -1896.3275 1509.1007 1.5770 1.8360 4.2040 -19.1255 1.7072 3.7600 -1.5894 0.0
Misc -1 -1 -6.5510 1259.5950 566.9286 1299.1924 603.8546 2.0000 1.4050 2.9430 -16.6288 -1.5072 -53.8800 -4.7036 0.0
Car -1 -1 -2.6875 257.0913 607.8891 517.0730 738.9976 1.5400 1.8090 4.7600 -9.9825 2.8487 15.8937 -4.8316 0.0
Car -1 -1 -1.5713 -247864.1364 -3786.5834 -39630.2427 86.3725 1.4020 1.9830 4.2000 222.1372 3.8816 -2.9502 -1.5872 0.0
Car -1 -1 -1.7111 1113.0960 611.9603 1150.4652 626.1548 1.6410 1.8250 4.4410 17.7391 10.6340 117.9338 -3.1602 0.0
Van -1 -1 -1.5531 1046.8348 624.0414 1113.7241 661.2006 3.7120 3.0960 7.2620 -9.7846 -9.2949 -103.0126 0.0871 0.0
Car -1 -1 -1.7563 1138.6379 609.5773 1185.6749 626.0322 1.5210 1.7560 4.4410 17.3425 8.5163 94.7702 -3.1742 0.0
Car -1 -1 -1.5506 -2092228.3249 -35200.4051 59854.9499 1554.6023 1.5310 2.0770 4.4800 274.5762 4.7086 2.1004 -1.5870 0.0
Car -1 -1 -1.5666 -1009754.1796 -25370.8133 -23476.6204 234.4973 1.5360 1.9150 4.2000 114.5902 2.9630 -2.2140 -1.5789 0.0
Misc -1 -1 -3.7377 1631.8060 550.9936 1740.1419 616.0990 2.0000 1.4050 2.9430 -22.6649 -0.3228 -30.4907 -1.5446 0.0
Car -1 -1 -2.6414 943.8203 280.1204 1465.7324 552.5121 1.5410 1.8410 5.1740 -2.1214 1.4793 -7.7635 -0.8040 0.0
Car -1 -1 -1.9321 -1604.8293 584.6324 -923.8224 691.6025 1.4700 1.9610 4.2150 -39.5401 2.3374 16.6223 -4.6904 0.0
Misc -1 -1 -2.2915 -453.5498 572.6846 -122.1391 710.4712 2.0000 1.5000 3.1060 -21.5056 2.5836 15.8479 -4.8084 0.0
Car -1 -1 -4.6147 9637.6179 688.6126 12836.9154 870.0173 1.6660 2.0390 4.3100 153.3198 4.2639 14.2560 -4.7379 0.0
Misc -1 -1 -3.7208 1546.8075 536.9326 1677.0222 618.8656 2.0000 1.4050 2.9430 -16.0163 0.1141 -24.1812 -1.5795 0.0
Misc -1 -1 -6.5218 1275.9494 534.1228 1359.8823 614.0378 2.0000 1.4050 2.9430 -8.6262 0.1873 -24.7990 -4.6338 0.0
Car -1 -1 -4.6387 10198.6472 695.0749 13850.7321 893.1620 1.7140 2.0390 4.5030 160.4283 4.3851 13.8945 -4.7554 0.0
Misc -1 -1 -6.6480 1304.5193 526.0192 1411.9789 614.9967 2.0000 1.4050 2.9430 -8.7337 0.3503 -22.3837 -4.7211 0.0
Car -1 -1 -4.6103 9262.9797 685.5383 12304.8199 866.3571 1.6660 2.0210 4.2400 145.2812 4.1846 14.1297 -4.7379 0.0
Misc -1 -1 -6.8288 1318.2306 543.5790 1414.2710 611.9658 2.0000 1.4050 2.9430 -11.5525 -0.0646 -28.8666 -4.8956 0.0
Car -1 -1 -3.0102 5102.5134 478.4617 6460.5751 680.4561 1.5930 1.8810 4.1800 -42.8488 0.4980 -8.4337 -0.0771 0.0
Car -1 -1 -4.6562 10210.8834 715.1524 18001.7164 1135.0759 1.6260 1.8120 4.6910 102.7064 3.5588 7.9681 -4.7659 0.0
Car -1 -1 -1.5533 -73631.7870 -883.2460 78042.1572 2030.8412 1.8470 2.4110 4.9050 198.6213 3.8175 -0.0539 -1.5826 0.0
Car -1 -1 -4.6481 20114.9906 772.1985 42328.7905 1428.1455 1.6860 2.1950 4.5240 175.9199 3.7955 6.2452 -4.7136 0.0
Car -1 -1 -4.6474 14390.8896 751.3958 26666.5279 1250.0354 1.6260 1.7770 4.4360 135.5490 3.7420 7.1470 -4.7310 0.0
Car -1 -1 -3.0326 -1397.7220 383.3952 -941.5263 536.3331 1.5450 1.8860 4.7870 26.1633 1.6210 -11.4680 -2.6635 0.0
Car -1 -1 -4.6224 8174.4699 670.0038 18279.8356 1348.4968 1.9300 2.0770 4.9510 67.0837 3.1198 6.1075 -4.7485 0.0
Car -1 -1 -4.2516 2468.9136 629.7312 3395.8947 834.8164 1.5120 1.8060 4.3910 21.9245 2.7688 11.0235 -4.7659 0.0
Car -1 -1 -4.6407 17320.7544 735.6970 33621.8549 1261.6267 1.6860 2.1950 4.5240 162.1380 3.6014 6.9154 -4.7136 0.0
Car -1 -1 -4.4829 4429.8362 653.7171 7011.8306 941.5482 1.5120 1.8060 4.5610 42.4616 2.8704 8.9721 -4.7310 0.0
Car -1 -1 -4.6534 15775.7211 733.4396 30592.3481 1255.4199 1.6260 2.1950 4.5240 145.6963 3.5109 6.8567 -4.7310 0.0
Car -1 -1 -4.3782 3379.2084 646.6516 4595.7875 834.5099 1.5120 1.8060 4.3910 37.7653 3.1365 12.1716 -4.7310 0.0
Pedestrian -1 -1 -4.3395 3612.6129 615.9355 3815.3736 715.8101 1.8850 0.9460 1.0810 55.2593 3.4395 18.9072 -4.7056 0.0
Car -1 -1 -1.3582 3942.6843 648.7866 25330.4633 3633.2792 1.5550 1.9340 4.2290 16.4314 2.1191 2.7662 -1.5857 0.0
DontCare -1 -1 -3.6243 1550.3013 632.5145 1562.3766 649.6496 0.7260 0.2500 0.5130 25.7448 4.8982 42.4260 -4.6834 0.0
DontCare -1 -1 1.4796 1094.1680 618.4688 1115.4312 650.9987 1.2490 0.9310 0.7640 4.6600 4.4590 38.3769 0.0002 0.0
DontCare -1 -1 -4.4949 6845.0135 732.3345 7002.8848 792.8026 0.7920 0.2660 0.3070 84.9819 3.5580 13.3312 -4.6840 0.0
DontCare -1 -1 1.3967 1334.5497 616.6301 1352.6862 634.7010 1.2270 0.9080 1.0800 25.7568 6.7641 68.1111 0.1573 0.0
DontCare -1 -1 -3.9370 763.5017 563.2365 799.9478 646.8987 2.9500 1.3100 0.5500 7.6334 -0.8040 -33.8646 -2.6160 0.0
DontCare -1 -1 1.5174 1058.7408 614.4022 1076.6178 633.1169 1.2200 1.0670 1.1680 5.3294 6.3740 65.3169 0.0002 0.0
DontCare -1 -1 -1.7662 1159.4625 633.8043 1208.9356 681.2367 1.1370 0.8750 1.1060 5.0578 3.6104 24.5000 -3.1664 0.0
DontCare -1 -1 -4.4267 5879.9552 718.1520 6045.7348 772.7827 0.7670 0.3890 0.3950 78.1215 3.5830 14.6255 -4.6458 0.0
DontCare -1 -1 0.2187 4850.7215 693.7749 4955.7504 740.9082 0.7850 0.3530 0.5160 71.0381 3.5809 16.9002 -0.0495 0.0
DontCare -1 -1 -1.3226 4596.0269 669.6163 4916.2618 748.3820 1.1960 1.1100 1.1690 67.3686 3.5738 16.6755 -1.6002 0.0
DontCare -1 -1 0.2093 5003.1246 686.9323 5135.6889 746.0836 0.9810 0.4690 0.4190 73.9237 3.6554 16.8715 -0.0495 0.0
DontCare -1 -1 1.4392 1125.5154 625.1078 1163.8706 664.1728 1.2020 0.9310 1.1280 5.1003 4.0336 31.0743 0.0002 0.0
DontCare -1 -1 1.1549 1718.2738 629.6078 1769.8468 667.3716 1.1520 0.8830 1.0800 25.4527 4.1843 31.4960 0.2271 0.0
DontCare -1 -1 1.5065 1069.5501 616.4853 1086.8476 636.9348 1.1720 1.0360 0.9750 5.3523 5.8524 57.6177 0.0002 0.0
DontCare -1 -1 1.2443 1366.0454 617.1612 1387.3130 636.5739 1.2270 0.9080 1.0800 26.0369 6.3783 62.9394 0.0351 0.0
DontCare -1 -1 1.4823 1092.3697 620.1236 1111.3405 646.2973 1.1630 0.9310 0.7990 5.2744 4.9663 44.5864 0.0002 0.0
DontCare -1 -1 -4.4825 6457.5486 727.3330 6634.3051 787.6814 0.7940 0.3910 0.3560 80.8815 3.5369 13.5523 -4.6823 0.0
DontCare -1 -1 1.5227 1054.5216 612.7228 1070.6917 630.4633 1.2790 1.1430 1.1680 5.4988 6.8440 72.2094 0.0002 0.0
DontCare -1 -1 0.9507 1611.2588 626.7551 1653.7436 657.2123 1.1130 0.8830 1.0800 25.5281 4.5506 37.0801 -0.0522 0.0
DontCare -1 -1 0.2185 4839.7000 676.7192 4975.0916 742.7109 1.1010 0.4690 0.5660 70.6098 3.5750 16.7821 -0.0495 0.0
DontCare -1 -1 1.4960 1078.6239 618.8173 1098.2566 641.0749 1.1280 0.9770 0.9750 5.2995 5.4036 51.0147 0.0002 0.0
DontCare -1 -1 -1.2198 4172.5478 664.2038 4418.4206 738.9385 1.2010 1.0600 0.9390 60.4629 3.5126 17.0465 -1.5304 0.0