Car -1 -1 -4.5354 4900.7994 635.1667 9812.4769 1139.9512 1.6730 1.8670 4.6290 37.0506 2.5423 6.2965 -4.7462 0.0
Misc -1 -1 -3.7481 1572.7345 531.6700 1719.9556 621.8732 2.0000 1.4050 2.9430 -15.4344 0.2203 -22.1012 -1.5818 0.0
Car -1 -1 -1.7736 -3374.0997 571.7418 -2312.8436 685.5194 1.6810 2.1040 4.2150 -68.8669 2.3007 16.9965 -4.6927 0.0
Car -1 -1 -4.5744 5925.9867 666.2572 12788.6175 1231.2163 1.5110 1.8670 4.6890 44.6134 2.6214 5.9102 -4.7462 0.0
Misc -1 -1 -5.7710 2384.3971 493.6822 2773.6853 646.2079 2.0000 1.4530 3.0550 -21.9764 0.6284 -12.9655 -3.1701 0.0
Car -1 -1 -4.6932 -24918.0766 52.4261 29248.5212 991.1203 1.7330 2.0490 4.4090 -63.0230 1.1093 0.0931 -1.5686 0.0
Misc -1 -1 -1.7325 1112.1637 596.2461 1164.0372 622.5043 3.7120 3.0960 7.2620 22.0064 12.0408 140.1034 -3.1755 0.0
Car -1 -1 -1.6843 1139.7519 610.3423 1176.0200 624.1593 1.6410 1.8250 4.4410 21.6470 10.6784 121.2976 -3.1067 0.0
Car -1 -1 -4.5998 8355.0814 648.4882 11066.2401 818.4106 1.7600 1.9900 4.3860 134.0903 3.6982 14.6461 -4.7403 0.0
Misc -1 -1 -3.6349 1329.7933 559.4724 1402.0541 613.3551 2.0000 1.4050 2.9430 -14.8704 -0.7426 -37.1036 -1.7040 0.0
Car -1 -1 -2.1591 -848.5190 594.7760 -295.3235 717.7263 1.5610 1.8490 4.7230 -26.6701 2.6302 16.2962 -4.7643 0.0
Misc -1 -1 -6.5259 1234.4509 570.7788 1271.0458 606.2801 2.0000 1.4050 2.9430 -15.7671 -1.8122 -56.2993 -4.7059 0.0
Car -1 -1 1.5315 -4817.6906 -325.0170 9175.0649 1153.9042 1.8580 1.9400 4.3020 -14.7372 1.6569 0.3693 -1.5743 0.0
Car -1 -1 -3.6583 1317.0008 620.0146 1718.2763 834.6487 1.5210 1.7560 4.4410 5.5040 2.6035 10.5517 -4.7997 0.0
Pedestrian -1 -1 -4.1369 2530.2769 609.5574 2677.0988 711.0227 1.9170 0.8240 1.2590 32.9624 3.3554 19.0549 -4.7021 0.0
Car -1 -1 1.0544 1461.9524 619.6668 1706.6740 690.7082 1.4740 2.1020 4.6280 14.3222 3.4692 22.7068 0.0065 0.0
Car -1 -1 -4.0916 472.2404 558.7809 612.1612 608.1166 1.6630 1.9240 4.1640 16.1138 -0.6408 -33.4592 -3.0018 0.0
Car -1 -1 -4.1838 584.8868 574.9896 734.8125 626.7313 2.1160 2.3330 5.9440 14.8313 -1.5563 -41.7411 -2.9844 0.0
Car -1 -1 -3.7339 -209.8455 494.9989 203.5331 604.1196 1.9450 2.2160 6.2660 19.1507 0.8307 -18.0602 -3.0193 0.0
Misc -1 -1 -3.4109 1258.6419 567.7477 1299.8578 606.1801 2.0000 1.4050 2.9430 -16.0028 -1.4998 -51.8853 -1.5644 0.0
Car -1 -1 -4.3406 813.7959 608.5956 882.9032 640.4530 1.9900 1.8410 4.4080 9.9942 -4.7764 -64.9917 -2.9496 0.0
Car -1 -1 -4.2696 688.9469 593.4072 768.9679 628.4075 1.9900 1.8410 4.4080 16.2685 -3.2818 -57.7063 -3.0020 0.0
Car -1 -1 1.1408 1346.3996 615.5988 1563.7450 695.8132 1.6420 1.9370 4.1430 10.7756 3.4598 21.8586 -0.0109 0.0
Car -1 -1 -1.5720 -3018859.2475 -56112.2989 -34300.7274 228.1981 1.6430 1.9830 4.2000 163.5645 3.0876 -2.1689 -1.5895 0.0
Car -1 -1 1.2780 1208.3030 608.4578 1348.3436 660.8646 1.8360 2.1700 4.8350 11.2231 4.5553 36.6797 -0.0284 0.0
Car -1 -1 1.2242 1254.3045 617.7686 1420.0373 677.3452 1.6050 2.0440 4.3810 10.6495 4.0612 28.9114 -0.0284 0.0
Car -1 -1 -4.6393 12265.9521 695.7228 16686.2662 891.4410 1.7140 2.0390 4.5030 197.8096 4.4137 14.0135 -4.7403 0.0
Person_sitting -1 -1 -3.2036 -9323.6008 243.3222 -8363.3815 433.1696 1.2250 0.5390 1.0650 69.4343 2.0240 -6.5820 -3.1444 0.0
Car -1 -1 -3.8222 193.9563 534.7996 375.9161 594.4791 1.6770 1.8410 4.4080 20.8348 0.1913 -27.4874 -2.9356 0.0
Car -1 -1 -4.4340 5008.3891 488.4198 7794.6319 825.6037 4.1320 2.7570 7.2150 82.1838 3.4802 15.0844 -4.6498 0.0
Car -1 -1 -1.5727 -530814.9268 -8522.5717 -35352.2110 251.3183 1.6430 1.9830 4.2000 178.7073 3.0633 -2.4326 -1.5895 0.0
Car -1 -1 -1.5720 -294536.3430 -3706.6485 -42580.2829 172.1852 1.4020 1.9830 4.2000 233.9768 3.3784 -2.8579 -1.5895 0.0
Car -1 -1 -1.5724 -403334.5768 -6105.6974 -38098.3231 218.2475 1.6430 1.9830 4.2000 198.1851 3.2752 -2.5765 -1.5895 0.0
Car -1 -1 -1.8027 1212.2573 616.8268 1261.5978 634.9333 1.6410 1.8250 4.4410 24.4513 9.2256 92.8607 -3.1451 0.0
Misc -1 -1 -7.0703 1808.7461 516.1521 2056.7051 639.9658 2.0000 1.4050 2.9430 -16.4959 0.4112 -16.5032 -4.7234 0.0
Car -1 -1 -2.9759 739.8522 608.8345 888.6793 745.6497 1.6900 1.8490 4.4640 -2.8653 3.0083 15.9756 -4.7472 0.0
Car -1 -1 -1.9109 -2406.3953 548.8180 -1029.4280 750.6390 2.0330 2.0250 5.5890 -33.9441 2.1506 12.3670 -4.7159 0.0
Car -1 -1 -4.6266 10592.4408 676.1877 14376.7121 864.0559 1.7140 2.0390 4.5030 168.7769 4.0739 14.0298 -4.7403 0.0
Misc -1 -1 -7.1800 2031.2773 523.8889 2304.2220 639.9040 2.0000 1.4050 2.9430 -21.9213 0.3054 -17.5131 -4.7234 0.0
Car -1 -1 1.5133 -13622.7899 471.2367 -5214.7639 932.9538 1.6370 1.9400 4.3020 -51.7150 1.3875 5.4780 -1.5394 0.0
Misc -1 -1 -6.6571 1287.8159 520.0575 1408.3119 618.5694 2.0000 1.4050 3.0550 -7.7273 0.4375 -20.4297 -4.7409 0.0
Car -1 -1 1.5627 -38025.0265 340.9771 -13364.3805 941.1801 1.6370 1.9400 4.3020 -106.5093 1.0898 4.7011 -1.5568 0.0
Car -1 -1 -1.5402 34124.2806 839.0756 82932.3208 1748.8776 1.5310 2.0770 4.4800 268.9131 3.9489 5.3011 -1.5893 0.0
Car -1 -1 1.3368 1179.7729 613.3414 1289.6781 653.5127 1.6770 2.0480 4.6090 11.3357 5.1225 43.6239 -0.0109 0.0
Car -1 -1 -3.4745 -1103.9457 406.2729 -475.1926 557.9968 1.5230 1.8840 4.1620 19.8408 1.3585 -10.4909 -3.0367 0.0
Car -1 -1 -4.5937 7937.8720 645.6567 10599.3805 816.5820 1.7600 2.1190 4.5200 127.1505 3.6552 14.6521 -4.7403 0.0
Car -1 -1 1.5389 -9181.8527 -334.3658 16972.4463 1083.9898 1.6370 1.9400 4.3020 -27.7550 1.5344 0.5010 -1.5917 0.0
Car -1 -1 -4.6308 11121.3266 688.2995 15019.0090 876.7049 1.7140 2.0390 4.5030 180.8401 4.3272 14.2894 -4.7403 0.0
Car -1 -1 -1.5661 -19845.4434 -87.3862 120372.6759 4231.8831 1.8330 2.0390 4.6690 87.8794 2.6853 -1.6470 -1.5812 0.0
Misc -1 -1 -6.7782 1452.0793 565.1685 1520.3816 613.6809 2.0000 1.4050 2.9430 -21.8893 -1.0836 -41.2836 -4.7409 0.0
Car -1 -1 -1.5687 -16932.3560 -45.2637 108064.2893 4139.3921 1.7690 2.0070 4.8790 79.4278 2.6353 -1.7476 -1.5812 0.0
Misc -1 -1 -4.0101 1830.9281 535.6662 2020.1294 626.2380 2.0000 1.4050 2.9430 -22.0100 0.1312 -22.0715 -1.6691 0.0
Misc -1 -1 -2.1874 1585.6010 503.7573 1822.1754 622.1999 2.0000 1.4530 3.0550 -12.5083 0.6391 -16.4681 0.0239 0.0
Pedestrian -1 -1 -0.5424 1582.5358 615.7468 1654.0062 717.5191 1.8620 0.7700 0.9330 12.2173 3.3477 18.1689 -1.5644 0.0
Car -1 -1 -4.6472 10976.8346 684.5758 14859.7392 875.7027 1.7140 2.0390 4.5030 175.7579 4.2297 14.0703 -4.7577 0.0
Car -1 -1 -2.3880 -20.3999 604.5499 310.5630 730.8687 1.6080 1.7680 4.3390 -14.3586 2.8523 16.2016 -4.6949 0.0
Car -1 -1 -1.5679 -21863.9471 -82.5257 634963.6496 18180.0509 1.6140 1.7940 4.2070 98.4419 2.7144 -1.9509 -1.5812 0.0
Misc -1 -1 -6.5856 1297.1021 577.0844 1330.6490 607.1668 2.0000 1.4050 2.9430 -23.1020 -2.6042 -66.7935 -4.7059 0.0
Misc -1 -1 -3.9814 1928.4521 531.2742 2152.5743 633.5544 2.0000 1.4050 2.9430 -21.9919 0.2020 -19.6662 -1.5818 0.0
Car -1 -1 -1.5679 -391665.8936 -9002.3200 -24656.0213 273.1135 1.5610 1.8150 3.6950 110.5332 2.7093 -2.1209 -1.5812 0.0
Car -1 -1 0.9231 -3116.8450 588.8982 274.9540 1884.1638 1.7010 1.8930 4.0970 -5.1485 1.9807 3.4369 -1.5882 0.0
Misc -1 -1 -5.4205 1759.6601 488.0252 2055.8217 625.4109 2.0000 1.4530 3.0550 -14.0030 0.7800 -14.3548 -3.0828 0.0
Car -1 -1 -1.7073 -358392.2327 -7358.8029 -25974.9170 300.7494 1.5970 1.8580 3.5930 120.7736 2.6703 -2.2295 -1.7208 0.0
Car -1 -1 -4.6454 13261.6057 702.4764 18268.3417 909.5944 1.7140 2.0390 4.5030 208.6260 4.4460 13.5163 -4.7403 0.0
Car -1 -1 -4.5207 959.3239 629.8567 995.6441 644.5293 1.6250 1.8410 4.4080 1.8078 -11.4242 -119.1610 -2.9915 0.0
Misc -1 -1 -6.8956 1647.5055 548.2149 1766.4373 618.2343 2.0000 1.4050 2.9430 -21.6877 -0.2119 -28.3354 -4.6885 0.0
Car -1 -1 -1.8131 1190.5977 611.2527 1241.5609 630.0448 1.6410 1.8250 4.4410 21.5715 8.4202 89.5423 -3.1765 0.0
Car -1 -1 -4.6525 14729.5898 711.4887 20256.4853 920.0802 1.7140 2.0390 4.5030 235.1924 4.6205 13.6338 -4.7403 0.0
Car -1 -1 -4.6697 10820.3551 663.3790 13442.5682 793.7451 1.8220 2.4020 4.6340 234.8029 4.7378 19.8738 -4.7840 0.0
Car -1 -1 -4.6058 8802.5847 668.0925 11588.8331 832.8417 1.6030 1.8530 4.2400 140.1844 3.8650 14.4883 -4.7403 0.0
Misc -1 -1 -6.8401 1539.1356 557.3043 1627.8483 614.8637 2.0000 1.4050 2.9430 -21.9394 -0.6090 -34.6036 -4.7234 0.0
Misc -1 -1 -6.8283 1506.0341 560.3228 1587.1888 614.4258 2.0000 1.4050 2.9430 -21.9467 -0.7727 -36.9046 -4.7409 0.0
Car -1 -1 -1.7885 1164.8675 612.6307 1219.2124 631.5412 1.5210 1.7560 4.4410 17.8352 7.9273 82.9367 -3.1765 0.0
Car -1 -1 -1.7529 -3781.1066 571.6452 -2627.7845 673.2462 1.4700 1.9610 4.2150 -74.6538 2.0826 16.8407 -4.6927 0.0
Misc -1 -1 -3.5770 1354.3063 551.6708 1440.3957 614.3935 2.0000 1.4050 3.2650 -13.8139 -0.3627 -31.8539 -1.6167 0.0
Car -1 -1 -4.3436 2630.4338 -800.0284 11006.8988 651.1354 1.6980 1.7620 4.6560 -11.0311 1.5698 -3.4819 -1.4870 0.0
Car -1 -1 -1.6012 -22088.4716 -106.8437 247228.8470 7600.0507 1.3740 1.6820 4.2260 93.2419 2.6470 -1.7239 -1.6161 0.0
Car -1 -1 -1.5341 28134.2999 792.7350 55279.5110 1363.6154 1.5310 2.0770 4.4800 262.4815 3.9609 6.7405 -1.5893 0.0
Misc -1 -1 -6.8383 1303.7738 561.7511 1374.5454 613.0808 2.0000 1.4050 2.9430 -14.5443 -0.8808 -39.0770 -4.9328 0.0
Misc -1 -1 -3.8841 1748.9564 538.4525 1905.9407 620.1162 2.0000 1.4050 2.9430 -21.6771 0.0772 -24.2694 -1.5993 0.0
Car -1 -1 -3.9263 255.0374 537.8226 468.5454 596.5757 1.5750 2.0300 4.9510 17.7497 0.1014 -26.3231 -2.9844 0.0
Cyclist -1 -1 1.3975 -8850.6638 491.2059 -4198.1281 1182.7794 1.7820 0.8840 1.9690 -24.9523 1.6521 3.3993 -1.6141 0.0
Car -1 -1 -1.5721 -17871.5414 -996.8440 38235.5195 1321.0292 8.3930 3.3060 10.2280 135.9272 2.8223 -1.7118 -1.5910 0.0
Car -1 -1 1.3532 -10445.9244 570.4771 -1859.9063 1564.9272 1.5770 1.8360 4.2040 -18.7707 1.7583 3.7188 -1.5917 0.0
Misc -1 -1 -6.5379 1245.1985 569.1851 1284.0673 606.2156 2.0000 1.4050 2.9430 -15.7830 -1.6423 -53.9082 -4.7059 0.0
Car -1 -1 -2.7225 307.3874 611.5314 553.7935 744.3400 1.5400 1.8090 4.7600 -9.2370 2.9183 15.8602 -4.8339 0.0
Car -1 -1 -1.5714 -419449.5241 -5703.6480 -42654.0409 163.3044 1.4020 1.9830 4.2000 222.9147 3.3266 -2.6136 -1.5895 0.0
Car -1 -1 -1.7184 1118.1689 614.6070 1155.7518 628.8969 1.6410 1.8250 4.4410 18.3376 10.9436 117.5625 -3.1625 0.0
Van -1 -1 -1.5425 1038.2372 625.9833 1105.6512 663.5447 3.7120 3.0960 7.2620 -8.8023 -9.4355 -102.1443 0.0883 0.0
Car -1 -1 -1.7653 1145.4191 612.0507 1192.7761 628.6296 1.5210 1.7560 4.4410 17.9788 8.7432 94.3996 -3.1765 0.0
Car -1 -1 -1.5508 54807.1025 1030.4021 981897.0320 14987.5196 1.5310 2.0770 4.4800 275.3472 4.0420 2.5191 -1.5893 0.0
Car -1 -1 -1.5667 -25174.1015 -59.1056 2494987.6334 58778.8906 1.5360 1.9150 4.2000 115.3645 2.6720 -2.0472 -1.5812 0.0
Misc -1 -1 -3.7211 1607.3249 552.3292 1713.1428 617.4731 2.0000 1.4050 2.9430 -21.8536 -0.3692 -30.5326 -1.5469 0.0
Car -1 -1 -2.5907 859.9428 269.2628 1411.4814 554.7110 1.5410 1.8410 5.1740 -1.5450 1.4703 -7.5447 -0.8238 0.0
Car -1 -1 -1.9391 -1571.3992 591.9821 -894.8827 701.6824 1.4700 1.9610 4.2150 -38.7967 2.4812 16.5427 -4.6927 0.0
Misc -1 -1 -2.3089 -409.6575 577.9738 -85.6620 717.4686 2.0000 1.5000 3.1060 -20.7614 2.6811 15.7984 -4.8107 0.0
Car -1 -1 -4.6155 9563.3583 668.0143 12675.3703 838.8697 1.6660 2.0390 4.3100 154.0704 3.9308 14.4814 -4.7403 0.0
Misc -1 -1 -3.6980 1516.9463 538.6817 1643.3180 620.5029 2.0000 1.4050 2.9430 -15.2141 0.0715 -24.2138 -1.5818 0.0
Misc -1 -1 -6.4932 1247.2362 536.6264 1327.5875 616.4650 2.0000 1.4050 2.9430 -7.8228 0.1247 -24.8200 -4.6361 0.0
Car -1 -1 -4.6393 10109.2469 672.9412 13651.8946 858.5737 1.7140 2.0390 4.5030 161.1797 4.0335 14.1311 -4.7577 0.0
Misc -1 -1 -6.6170 1272.9445 528.4623 1376.1213 617.3546 2.0000 1.4050 2.9430 -7.9338 0.2957 -22.4054 -4.7234 0.0
Car -1 -1 -4.6111 9199.3969 665.9566 12163.5289 836.8103 1.6660 2.0210 4.2400 146.0319 3.8706 14.3424 -4.7403 0.0
Misc -1 -1 -6.8052 1292.9656 545.6620 1386.6515 614.2296 2.0000 1.4050 2.9430 -10.7432 -0.1329 -28.8914 -4.8979 0.0
Car -1 -1 -3.0068 4991.7038 469.9888 6308.1667 669.9680 1.5930 1.8810 4.1800 -42.0700 0.5705 -8.5122 -0.0794 0.0
Car -1 -1 -4.6575 10208.3026 692.6433 17755.7195 1081.2186 1.6260 1.8120 4.6910 104.4047 3.3371 8.1442 -4.7682 0.0
Car -1 -1 -1.5578 -84647.0215 -883.6073 69162.7289 1690.5146 1.8470 2.4110 4.9050 198.3809 3.3236 0.2608 -1.5893 0.0
Car -1 -1 -4.6488 19761.8011 721.5880 40290.7242 1286.1981 1.6860 2.1950 4.5240 177.5375 3.3799 6.4877 -4.7159 0.0
Car -1 -1 -4.6483 14259.2943 717.1547 25956.0792 1167.6359 1.6260 1.7770 4.4360 136.8968 3.4327 7.3360 -4.7333 0.0
Car -1 -1 -3.0390 -1416.6109 397.7017 -969.3249 545.7346 1.5450 1.8860 4.7870 26.8379 1.5019 -11.6269 -2.6746 0.0
Car -1 -1 -4.6246 8239.6058 653.0787 18130.9781 1289.6634 1.9300 2.0770 4.9510 68.4940 2.9760 6.2137 -4.7508 0.0
Car -1 -1 -4.2782 2581.4111 628.3149 3556.1447 831.2469 1.5120 1.8060 4.3910 23.6189 2.7541 11.0836 -4.7647 0.0
Car -1 -1 -4.6414 17068.6887 693.7109 32351.1470 1156.4792 1.6860 2.1950 4.5240 163.5605 3.2248 7.1439 -4.7159 0.0
Car -1 -1 -4.4888 4503.4667 646.7885 7114.5113 927.9470 1.5120 1.8060 4.5610 43.5314 2.7921 9.0208 -4.7333 0.0
Car -1 -1 -4.6541 15574.7962 695.7616 29533.8221 1159.1257 1.6260 2.1950 4.5240 147.0122 3.1762 7.0683 -4.7333 0.0
Car -1 -1 -4.3874 3470.9934 642.8888 4722.0750 828.1852 1.5120 1.8060 4.3910 39.3031 3.0832 12.2173 -4.7298 0.0
Pedestrian -1 -1 -4.3456 3649.5694 611.9333 3853.6734 711.2421 1.8850 0.9460 1.0810 56.1962 3.3601 18.9654 -4.7079 0.0
Car -1 -1 -1.3548 3919.9902 637.6156 24669.5760 3465.9595 1.5550 1.9340 4.2290 16.3680 2.0619 2.7834 -1.5845 0.0
DontCare -1 -1 -3.6382 1565.5580 633.9320 1577.8363 651.0774 0.7260 0.2500 0.5130 26.4541 4.9647 42.4405 -4.6857 0.0
DontCare -1 -1 1.4596 1111.2955 621.0146 1133.0352 653.6247 1.2490 0.9310 0.7640 5.3739 4.5640 38.3607 -0.0021 0.0
DontCare -1 -1 -4.4967 6847.2956 719.1256 7003.6461 778.7507 0.7920 0.2660 0.3070 85.7342 3.3882 13.4457 -4.6863 0.0
DontCare -1 -1 1.3863 1343.5925 618.6219 1361.8912 636.7187 1.2270 0.9080 1.0800 26.4287 6.9118 68.1213 0.1550 0.0
DontCare -1 -1 -3.9151 740.7873 566.7621 777.7779 650.6048 2.9500 1.3100 0.5500 8.4471 -0.9347 -33.8528 -2.6183 0.0
DontCare -1 -1 1.5054 1068.2939 617.0897 1086.3660 635.8578 1.2200 1.0670 1.1680 6.0048 6.5626 65.2955 -0.0021 0.0
DontCare -1 -1 -1.7965 1186.9500 636.0901 1237.4694 683.6464 1.1370 0.8750 1.1060 5.7920 3.6705 24.4868 -3.1687 0.0
DontCare -1 -1 -4.4290 5892.9942 707.6610 6057.7468 761.5885 0.7670 0.3890 0.3950 78.8718 3.4341 14.7288 -4.6481 0.0
DontCare -1 -1 0.2157 4870.6520 686.2143 4975.2490 732.9310 0.7850 0.3530 0.5160 71.7848 3.4564 16.9922 -0.0518 0.0
DontCare -1 -1 -1.3257 4618.0946 662.7336 4937.6796 740.5856 1.1960 1.1100 1.1690 68.1149 3.4575 16.7630 -1.6026 0.0
DontCare -1 -1 0.2065 5020.9719 678.9967 5153.0531 737.5817 0.9810 0.4690 0.4190 74.6702 3.5238 16.9686 -0.0518 0.0
DontCare -1 -1 1.4149 1146.9373 627.5269 1186.0126 666.6910 1.2020 0.9310 1.1280 5.8249 4.1144 31.0601 -0.0021 0.0
DontCare -1 -1 1.1395 1738.8721 630.5077 1791.1765 668.2748 1.1520 0.8830 1.0800 26.1770 4.2169 31.5139 0.2248 0.0
DontCare -1 -1 1.4929 1080.5520 619.1376 1098.0902 639.6451 1.1720 1.0360 0.9750 6.0389 6.0166 57.5979 -0.0021 0.0
DontCare -1 -1 1.2333 1375.9298 619.0653 1397.3600 638.4997 1.2270 0.9080 1.0800 26.7161 6.5090 62.9514 0.0328 0.0
DontCare -1 -1 1.4649 1106.9608 622.6955 1126.2870 648.9369 1.1630 0.9310 0.7990 5.9797 5.0894 44.5694 -0.0021 0.0
DontCare -1 -1 -4.4845 6465.5903 715.2022 6640.8464 774.7228 0.7940 0.3910 0.3560 81.6334 3.3778 13.6603 -4.6846 0.0
DontCare -1 -1 1.5117 1063.0355 615.4285 1079.3778 633.2203 1.2790 1.1430 1.1680 6.1642 7.0541 72.1870 -0.0021 0.0
DontCare -1 -1 0.9360 1628.7510 627.9552 1671.6117 658.4358 1.1130 0.8830 1.0800 26.2445 4.6007 37.0968 -0.0545 0.0
DontCare -1 -1 0.2156 4859.6444 669.2585 4994.5481 734.6727 1.1010 0.4690 0.5660 71.3562 3.4512 16.8746 -0.0518 0.0
DontCare -1 -1 1.4807 1091.2185 621.4349 1111.1387 643.7547 1.1280 0.9770 0.9750 5.9957 5.5470 50.9961 -0.0021 0.0
DontCare -1 -1 -1.2237 4198.2495 658.4874 4444.1601 732.5188 1.2010 1.0600 0.9390 61.2085 3.4143 17.1231 -1.5327 0.0