Car -1 -1 -4.5354 697.0010 453.1558 759.6497 498.1518 1.6730 1.8670 4.6290 6.7763 2.0708 -38.0562 -4.7462 0.0
Misc -1 -1 -3.7481 -691.0984 428.9832 -317.6767 572.2333 2.0000 1.4050 2.9430 -21.5074 0.9058 14.5287 -1.5818 0.0
Car -1 -1 -1.7736 1120.2594 522.2769 1163.4635 547.1580 1.6810 2.1040 4.2150 17.7815 2.7978 67.8278 -4.6927 0.0
Car -1 -1 -4.5744 740.5509 462.5456 789.1890 496.4072 1.5110 1.8670 4.6890 6.3694 2.0732 -45.6183 -4.7462 0.0
Misc -1 -1 -5.7710 258.5815 470.6304 432.5312 562.8479 2.0000 1.4530 3.0550 -12.3461 1.2035 21.0408 -3.1701 0.0
Car -1 -1 -4.6932 893.5205 509.5047 925.4850 536.7334 1.7330 2.0490 4.4090 0.8404 1.8807 62.0437 -1.5686 0.0
Misc -1 -1 -1.7325 -5281.3020 119.6154 -4195.5139 309.0332 3.7120 3.0960 7.2620 140.7904 9.0493 -23.4841 -3.1755 0.0
Car -1 -1 -1.6843 -4320.8927 165.6219 -3780.5725 257.5254 1.6410 1.8250 4.4410 121.9623 8.0687 -23.0581 -3.1067 0.0
Car -1 -1 -4.5998 785.5339 493.4677 801.8093 505.8940 1.7600 1.9900 4.3860 14.8612 1.9748 -135.1251 -4.7403 0.0
Misc -1 -1 -3.6349 -1876.5775 375.2305 -1263.7037 525.2034 2.0000 1.4050 2.9430 -36.5276 0.2380 14.0163 -1.7040 0.0
Car -1 -1 -2.1591 1428.2272 544.3201 1617.3069 614.7991 1.5610 1.8490 4.7230 16.9635 2.6699 25.6320 -4.7643 0.0
Misc -1 -1 -6.5259 -3003.8324 338.7130 -2227.1310 482.5861 2.0000 1.4050 2.9430 -55.7382 -0.4360 14.9773 -4.7059 0.0
Car -1 -1 1.5315 896.9244 508.8399 1054.3243 659.1028 1.8580 1.9400 4.3020 0.9852 1.8833 13.7542 -1.5743 0.0
Car -1 -1 -3.6583 -1705.5096 -22.0645 -209.7765 414.2293 1.5210 1.7560 4.4410 11.1249 2.3990 -6.5240 -4.7997 0.0
Pedestrian -1 -1 -4.1369 337.8794 432.4944 380.6004 486.9498 1.9170 0.8240 1.2590 19.5604 2.6734 -34.0122 -4.7021 0.0
Car -1 -1 1.0544 -768.2958 316.6083 -294.3836 425.0795 1.4740 2.1020 4.6280 23.2688 2.9221 -15.3845 0.0065 0.0
Car -1 -1 -4.0916 2487.0739 511.4368 2967.0536 610.8706 1.6630 1.9240 4.1640 -32.9733 -0.0796 -16.9768 -3.0018 0.0
Car -1 -1 -4.1838 2977.1845 551.3992 3822.3867 702.3703 2.1160 2.3330 5.9440 -41.2680 -0.8142 -15.6616 -2.9844 0.0
Car -1 -1 -3.7339 1528.0147 454.6337 1927.4183 552.4253 1.9450 2.2160 6.2660 -17.5569 1.0486 -20.0720 -3.0193 0.0
Misc -1 -1 -3.4109 -2640.7967 356.8345 -1938.2718 495.5995 2.0000 1.4050 2.9430 -51.3181 -0.2097 15.1974 -1.5644 0.0
Car -1 -1 -4.3406 5744.2250 779.8429 7504.5730 1054.4487 1.9900 1.8410 4.4080 -64.5642 -3.5128 -10.7253 -2.9496 0.0
Car -1 -1 -4.2696 3719.9902 621.7915 4397.4173 757.0110 1.9900 1.8410 4.4080 -57.2688 -2.2349 -17.0358 -3.0020 0.0
Car -1 -1 1.1408 -1211.7191 251.4345 -585.9810 410.6350 1.6420 1.9370 4.1430 22.4310 2.9693 -11.8356 -0.0109 0.0
Car -1 -1 -1.5720 902.1761 499.4570 914.1664 508.9115 1.6430 1.9830 4.2000 -2.0494 1.3726 -164.5447 -1.5895 0.0
Car -1 -1 1.2780 -2413.7678 192.9113 -1517.5833 373.8954 1.8360 2.1700 4.8350 37.2697 3.7621 -12.3358 -0.0284 0.0
Car -1 -1 1.2242 -1877.6430 206.3414 -1093.9309 374.2605 1.6050 2.0440 4.3810 29.4948 3.4304 -11.7356 -0.0284 0.0
Car -1 -1 -4.6393 825.1811 497.8886 835.6743 506.0685 1.7140 2.0390 4.5030 14.0553 1.9910 -198.8466 -4.7403 0.0
Person_sitting -1 -1 -3.2036 971.3973 488.0372 986.1660 504.3876 1.2250 0.5390 1.0650 -6.2054 1.4494 -70.3969 -3.1444 0.0
Car -1 -1 -3.8222 1909.0590 480.7585 2223.9076 557.7024 1.6770 1.8410 4.4080 -27.0000 0.5797 -21.7231 -2.9356 0.0
Car -1 -1 -4.4340 696.7952 479.9975 747.4481 528.5563 4.1320 2.7570 7.2150 15.4482 2.3280 -83.2208 -4.6498 0.0
Car -1 -1 -1.5727 903.2861 501.1209 914.2803 509.7693 1.6430 1.9830 4.2000 -2.3581 1.1845 -179.6855 -1.5895 0.0
Car -1 -1 -1.5720 903.9880 503.7805 912.3854 509.4086 1.4020 1.9830 4.2000 -2.9399 0.8906 -234.9537 -1.5895 0.0
Car -1 -1 -1.5724 903.5404 501.7510 913.4533 509.5445 1.6430 1.9830 4.2000 -2.5552 1.1816 -199.1640 -1.5895 0.0
Car -1 -1 -1.8027 -2699.0721 238.1941 -2296.0162 314.2256 1.6410 1.8250 4.4410 93.4939 7.1557 -25.7686 -3.1451 0.0
Misc -1 -1 -7.0703 -202.3316 440.7781 63.4321 573.4167 2.0000 1.4050 2.9430 -15.9035 0.9961 15.5727 -4.7234 0.0
Car -1 -1 -2.9759 -43106.2745 -6480.2344 4875.4075 1155.0535 1.6900 1.8490 4.4640 16.5804 2.7884 1.8254 -4.7472 0.0
Car -1 -1 -1.9109 1210.7769 515.6648 1332.3436 580.2882 2.0330 2.0250 5.5890 13.0470 2.3505 32.9216 -4.7159 0.0
Car -1 -1 -4.6266 812.2964 496.3356 824.9011 505.9367 1.7140 2.0390 4.5030 14.1504 1.9753 -169.8120 -4.7403 0.0
Misc -1 -1 -7.1800 55.6158 458.1038 223.2554 553.8572 2.0000 1.4050 2.9430 -16.8994 0.9713 21.0017 -4.7234 0.0
Car -1 -1 1.5133 989.8977 512.4347 1032.9834 544.4138 1.6370 1.9400 4.3020 6.1965 1.9245 50.7187 -1.5394 0.0
Misc -1 -1 -6.6571 -2738.2620 330.5168 -1246.4115 685.3537 2.0000 1.4050 3.0550 -19.8546 1.0033 6.8151 -4.7409 0.0
Car -1 -1 1.5627 936.6535 512.7161 955.3144 527.7452 1.6370 1.9400 4.3020 5.5753 2.2545 105.5148 -1.5568 0.0
Car -1 -1 -1.5402 875.1162 504.1889 882.3606 509.5353 1.5310 2.0770 4.4800 5.1258 0.9069 -269.9163 -1.5893 0.0
Car -1 -1 1.3368 -2904.2756 164.6834 -1997.9435 333.7656 1.6770 2.0480 4.6090 44.2236 4.1885 -12.4737 -0.0109 0.0
Car -1 -1 -3.4745 1237.2007 439.9202 1464.6904 512.4229 1.5230 1.8840 4.1620 -9.9806 1.4166 -20.7886 -3.0367 0.0
Car -1 -1 -4.5937 778.7040 492.4389 797.0889 505.5703 1.7600 2.1190 4.5200 14.8869 2.0092 -128.1854 -4.7403 0.0
Car -1 -1 1.5389 900.9266 515.9633 978.5831 579.6768 1.6370 1.9400 4.3020 1.1528 1.9035 26.7722 -1.5917 0.0
Car -1 -1 -4.6308 816.7613 496.4865 828.4296 505.4548 1.7140 2.0390 4.5030 14.3794 2.0885 -181.8779 -4.7403 0.0
Car -1 -1 -1.5661 899.2205 487.8508 921.8856 507.6535 1.8330 2.0390 4.6690 -1.3125 1.8054 -88.8616 -1.5812 0.0
Misc -1 -1 -6.7782 -1077.1320 414.6161 -761.3649 510.1905 2.0000 1.4050 2.9430 -40.6929 0.0593 21.0500 -4.7409 0.0
Car -1 -1 -1.5687 900.5305 485.1525 925.4148 506.4201 1.7690 2.0070 4.8790 -1.3892 1.8519 -80.4097 -1.5812 0.0
Misc -1 -1 -4.0101 -153.5352 454.3233 34.4506 549.8375 2.0000 1.4050 2.9430 -21.4601 0.8895 21.1048 -1.6691 0.0
Misc -1 -1 -2.1874 -596.3425 436.4113 -193.5884 609.1804 2.0000 1.4530 3.0550 -15.8757 1.1787 11.5827 0.0239 0.0
Pedestrian -1 -1 -0.5424 -497.9537 294.4333 -350.9450 435.6848 1.8620 0.7700 0.9330 18.7356 2.9152 -13.2659 -1.5644 0.0
Car -1 -1 -4.6472 815.7470 496.3632 827.3699 505.5904 1.7140 2.0390 4.5030 14.1735 2.0522 -176.7944 -4.7577 0.0
Car -1 -1 -2.3880 1859.2874 576.5830 2378.9387 738.7312 1.6080 1.7680 4.3390 16.8371 2.7563 13.3191 -4.6949 0.0
Car -1 -1 -1.5679 903.1643 490.8099 921.0774 506.3560 1.6140 1.7940 4.2070 -1.6470 1.7226 -99.4229 -1.5812 0.0
Misc -1 -1 -6.5856 -2095.6935 375.9193 -1671.2806 470.6658 2.0000 1.4050 2.9430 -66.2245 -0.9352 22.3492 -4.7059 0.0
Misc -1 -1 -3.9814 -43.6659 455.4678 136.4165 550.8420 2.0000 1.4050 2.9430 -19.0539 0.9119 21.0793 -1.5818 0.0
Car -1 -1 -1.5679 904.0944 493.8384 920.1244 507.1509 1.5610 1.8150 3.6950 -1.8526 1.5858 -111.5129 -1.5812 0.0
Car -1 -1 0.9231 1356.4720 558.0481 3100.9265 1419.1197 1.7010 1.8930 4.0970 4.0304 2.0383 4.1542 -1.5882 0.0
Misc -1 -1 -5.4205 -253.8515 453.5007 66.3511 606.0388 2.0000 1.4530 3.0550 -13.7556 1.2939 13.0700 -3.0828 0.0
Car -1 -1 -1.7073 902.5603 496.1657 921.1772 508.6216 1.5970 1.8580 3.5930 -1.9922 1.4347 -121.7518 -1.7208 0.0
Car -1 -1 -4.6454 831.2770 498.7363 841.1036 506.4806 1.7140 2.0390 4.5030 13.5269 1.9124 -209.6612 -4.7403 0.0
Car -1 -1 -4.5207 31545.5029 2867.0404 105606.1767 9706.2094 1.6250 1.8410 4.4080 -118.8314 -8.9801 -2.3173 -2.9915 0.0
Misc -1 -1 -6.8956 -476.9239 442.9330 -235.5949 539.7128 2.0000 1.4050 2.9430 -27.7305 0.6687 20.8034 -4.6885 0.0
Car -1 -1 -1.8131 -3043.4533 231.8706 -2545.5493 319.0008 1.6410 1.8250 4.4410 90.1684 6.4493 -22.8708 -3.1765 0.0
Car -1 -1 -4.6525 838.5097 500.2132 847.1035 507.0666 1.7140 2.0390 4.5030 13.5697 1.7878 -236.2281 -4.7403 0.0
Car -1 -1 -4.6697 813.1260 500.2127 822.8913 507.5072 1.8220 2.4020 4.6340 19.8119 1.7842 -235.8569 -4.7840 0.0
Car -1 -1 -4.6058 792.0578 493.3989 806.4735 504.2674 1.6030 1.8530 4.2400 14.6890 2.0767 -141.2203 -4.7403 0.0
Misc -1 -1 -6.8401 -755.9238 431.0603 -482.4042 526.4475 2.0000 1.4050 2.9430 -34.0046 0.4003 21.0767 -4.7234 0.0
Misc -1 -1 -6.8283 -864.1007 425.4792 -577.0489 520.8489 2.0000 1.4050 2.9430 -36.3084 0.2830 21.0920 -4.7409 0.0
Car -1 -1 -1.7885 -3512.3800 191.7447 -2889.1289 292.6321 1.5210 1.7560 4.4410 83.5653 6.1308 -19.1112 -3.1765 0.0
Car -1 -1 -1.7529 1102.2753 521.8865 1139.0344 541.9698 1.4700 1.9610 4.2150 17.6384 2.6475 73.6172 -4.6927 0.0
Misc -1 -1 -3.5770 -1743.8906 383.0944 -1062.4376 548.8413 2.0000 1.4050 3.2650 -31.2746 0.5006 12.9414 -1.6167 0.0
Car -1 -1 -4.3436 424.5191 517.4186 759.5449 730.7239 1.6980 1.7620 4.6560 -2.8778 1.8321 10.0598 -1.4870 0.0
Car -1 -1 -1.6012 901.0270 490.0091 920.1921 504.1086 1.3740 1.6820 4.2260 -1.4060 1.7088 -94.2231 -1.6161 0.0
Car -1 -1 -1.5341 869.3798 503.9144 876.8436 509.3923 1.5310 2.0770 4.4800 6.5841 0.9618 -263.4892 -1.5893 0.0
Misc -1 -1 -6.8383 -2100.1373 363.4418 -1432.5462 517.8351 2.0000 1.4050 2.9430 -38.5044 0.1357 13.6972 -4.9328 0.0
Misc -1 -1 -3.8841 -280.5485 452.8877 -67.5915 549.8074 2.0000 1.4050 2.9430 -23.6596 0.8760 20.7785 -1.5993 0.0
Car -1 -1 -3.9263 1993.6107 480.2114 2417.8458 565.5502 1.5750 2.0300 4.9510 -25.8286 0.5010 -18.6403 -2.9844 0.0
Cyclist -1 -1 1.3975 1029.8115 512.9627 1080.3069 586.0030 1.7820 0.8840 1.9690 4.0446 1.9318 23.9604 -1.6141 0.0
Car -1 -1 -1.5721 894.8937 497.3753 919.6382 556.9127 8.3930 3.3060 10.2280 -1.5162 1.4069 -136.9075 -1.5910 0.0
Car -1 -1 1.3532 1055.6327 525.4589 1212.2766 624.5091 1.5770 1.8360 4.2040 4.3480 1.9624 17.7771 -1.5917 0.0
Misc -1 -1 -6.5379 -2836.3582 347.2503 -2089.8763 489.5270 2.0000 1.4050 2.9430 -53.3442 -0.3140 14.9847 -4.7059 0.0
Car -1 -1 -2.7225 2262.6812 615.2646 3670.6054 959.8234 1.5400 1.8090 4.7600 16.4821 2.7719 8.1980 -4.8339 0.0
Car -1 -1 -1.5714 903.2170 503.3204 912.0187 509.2291 1.4020 1.9830 4.2000 -2.6642 0.9575 -223.8925 -1.5895 0.0
Car -1 -1 -1.7184 -5089.2744 87.0830 -4336.2936 200.1093 1.6410 1.8250 4.4410 118.2430 8.4457 -19.7418 -3.1625 0.0
Van -1 -1 -1.5425 -13523.3334 -1098.1534 -8788.1851 -161.2828 3.7120 3.0960 7.2620 -101.7472 -7.2149 8.2235 0.0883 0.0
Car -1 -1 -1.7653 -4052.2611 165.1495 -3383.7545 267.6285 1.5210 1.7560 4.4410 95.0418 6.7148 -19.2953 -3.1765 0.0
Car -1 -1 -1.5508 885.0523 504.0005 892.2212 509.2215 1.5310 2.0770 4.4800 2.3272 0.9839 -276.3434 -1.5893 0.0
Car -1 -1 -1.5667 902.8904 495.1382 919.1274 507.7060 1.5360 1.9150 4.2000 -1.7940 1.4932 -116.3436 -1.5812 0.0
Misc -1 -1 -3.7211 -569.8725 438.1712 -318.3595 534.0886 2.0000 1.4050 2.9430 -29.9300 0.5574 20.9770 -1.5469 0.0
Car -1 -1 -2.5907 -1381.1523 -1819.4393 13688.7175 1366.0108 1.5410 1.8410 5.1740 -6.9698 1.7081 0.5866 -0.8238 0.0
Car -1 -1 -1.9391 1278.0439 535.0415 1372.7735 576.9054 1.4700 1.9610 4.2150 17.2428 2.6514 37.7588 -4.6927 0.0
Misc -1 -1 -2.3089 1581.3063 536.4649 1783.6873 644.9195 2.0000 1.5000 3.1060 16.4495 2.6647 19.7245 -4.8107 0.0
Car -1 -1 -4.6155 801.2358 495.2082 815.2624 505.4454 1.6660 2.0390 4.3100 14.6424 1.9875 -155.1061 -4.7403 0.0
Misc -1 -1 -3.6980 -871.2827 419.7584 -459.0808 565.3842 2.0000 1.4050 2.9430 -23.6232 0.7970 14.3158 -1.5818 0.0
Misc -1 -1 -6.4932 -3347.6170 296.3620 -1726.8603 642.1955 2.0000 1.4050 2.9430 -24.2500 0.7798 6.9261 -4.6361 0.0
Car -1 -1 -4.6393 807.8052 495.5624 820.6798 505.6297 1.7140 2.0390 4.5030 14.2733 2.0178 -162.2151 -4.7577 0.0
Misc -1 -1 -6.6170 -2891.3528 322.6750 -1423.6590 659.5318 2.0000 1.4050 2.9430 -21.8321 0.9035 7.0285 -4.7234 0.0
Car -1 -1 -4.6111 796.7780 494.3281 811.5465 505.1388 1.6660 2.0210 4.2400 14.5259 2.0199 -147.0671 -4.7403 0.0
Misc -1 -1 -6.8052 -2341.4486 353.5317 -1380.7086 579.1791 2.0000 1.4050 2.9430 -28.3171 0.6366 9.8602 -4.8979 0.0
Car -1 -1 -3.0068 666.8362 500.0616 767.6547 537.2680 1.5930 1.8810 4.1800 -7.8357 1.2807 41.1216 -0.0794 0.0
Car -1 -1 -4.6575 812.9806 488.5229 830.0831 503.4553 1.6260 1.8120 4.6910 8.4410 2.0759 -105.4198 -4.7682 0.0
Car -1 -1 -1.5578 889.3798 501.7976 901.0609 510.5655 1.8470 2.4110 4.9050 0.2819 1.1708 -199.3680 -1.5893 0.0
Car -1 -1 -4.6488 855.9075 500.2772 868.1747 509.2168 1.6860 2.1950 4.5240 6.5702 1.3350 -178.5437 -4.7159 0.0
Car -1 -1 -4.6483 838.8053 494.7846 851.8603 506.0301 1.6260 1.7770 4.4360 7.5391 1.8248 -137.9085 -4.7333 0.0
Car -1 -1 -3.0390 1182.0586 452.9827 1360.5536 508.8159 1.5450 1.8860 4.7870 -11.1341 1.5046 -27.7837 -2.6746 0.0
Car -1 -1 -4.6246 791.2313 477.2898 823.0163 504.4376 1.9300 2.0770 4.9510 6.6095 2.1548 -69.5021 -4.7508 0.0
Car -1 -1 -4.2782 380.0375 409.8625 520.7483 478.6837 1.5120 1.8060 4.3910 11.6063 2.3366 -24.6408 -4.7647 0.0
Car -1 -1 -4.6414 848.4226 499.7370 861.9208 509.4465 1.6860 2.1950 4.5240 7.2643 1.3230 -164.5676 -4.7159 0.0
Car -1 -1 -4.4888 667.9857 458.8262 724.4871 493.7570 1.5120 1.8060 4.5610 9.4859 2.1936 -44.5468 -4.7333 0.0
Car -1 -1 -4.6541 843.3929 497.9877 858.0471 508.4161 1.6260 2.1950 4.5240 7.2365 1.4607 -148.0197 -4.7333 0.0
Car -1 -1 -4.3874 564.3019 446.8513 636.7685 486.3601 1.5120 1.8060 4.3910 12.7001 2.4676 -40.3308 -4.7298 0.0
Pedestrian -1 -1 -4.3456 569.2467 467.4596 590.7054 498.6979 1.8850 0.9460 1.0810 19.4025 2.4203 -57.2442 -4.7079 0.0
Car -1 -1 -1.3548 635.8324 391.2486 782.5936 491.1823 1.5550 1.9340 4.2290 3.3152 1.8922 -17.3601 -1.5845 0.0
DontCare -1 -1 -3.6382 -576.3022 374.4538 -540.6868 401.3022 0.7260 0.2500 0.5130 42.9927 3.8855 -27.5861 -4.6857 0.0
DontCare -1 -1 1.4596 -5199.5981 -82.4745 -4280.2791 164.3642 1.2490 0.9310 0.7640 38.9678 3.8023 -6.4916 -0.0021 0.0
DontCare -1 -1 -4.4967 746.2962 483.2979 749.7564 491.9011 0.7920 0.2660 0.3070 13.7975 2.2292 -86.7656 -4.6863 0.0
DontCare -1 -1 1.3863 -1474.5857 324.1109 -1372.5518 371.7185 1.2270 0.9080 1.0800 68.7073 5.3170 -27.6524 0.1550 0.0
DontCare -1 -1 -3.9151 4014.4720 533.4795 4506.0732 858.3196 2.9500 1.3100 0.5500 -33.3502 -0.2798 -9.3063 -2.6183 0.0
DontCare -1 -1 1.5054 -8393.8055 -227.2265 -6971.9489 21.1797 1.2200 1.0670 1.1680 65.9353 5.2528 -7.2183 -0.0021 0.0
DontCare -1 -1 -1.7965 -2834.5155 43.2171 -2234.9682 245.9203 1.1370 0.8750 1.1060 25.0777 3.1829 -6.8619 -3.1687 0.0
DontCare -1 -1 -4.4290 717.2269 480.0776 722.8733 489.1684 0.7670 0.3890 0.3950 15.1015 2.3259 -79.9076 -4.6481 0.0
DontCare -1 -1 0.2157 669.8521 476.7047 677.3833 486.9125 0.7850 0.3530 0.5160 17.3857 2.3820 -72.8275 -0.0518 0.0
DontCare -1 -1 -1.3257 655.4127 474.2431 673.9210 490.8392 1.1960 1.1100 1.1690 17.1675 2.4287 -69.1573 -1.6026 0.0
DontCare -1 -1 0.2065 679.3686 477.4136 685.6132 489.6780 0.9810 0.4690 0.4190 17.3549 2.4176 -75.7134 -0.0518 0.0
DontCare -1 -1 1.4149 -3765.9740 1.0622 -3034.3081 217.1989 1.2020 0.9310 1.1280 31.6583 3.4944 -6.9177 -0.0021 0.0
DontCare -1 -1 1.1395 -234.9783 389.8100 -167.2478 433.1657 1.1520 0.8830 1.0800 32.0541 3.3603 -27.2708 0.2248 0.0
DontCare -1 -1 1.4929 -7276.1892 -170.1399 -6063.4674 62.1221 1.1720 1.0360 0.9750 58.2282 4.8610 -7.2253 -0.0021 0.0
DontCare -1 -1 1.2333 -1279.9921 336.5991 -1176.5450 382.6623 1.2270 0.9080 1.0800 63.5295 5.0148 -27.9212 0.0328 0.0
DontCare -1 -1 1.4649 -5498.2698 -82.0977 -4614.0388 133.6527 1.1630 0.9310 0.7990 45.1839 4.1963 -7.1202 -0.0021 0.0
DontCare -1 -1 -4.4845 735.5117 481.7417 740.6979 490.8128 0.7940 0.3910 0.3560 14.0239 2.2604 -82.6655 -4.6846 0.0
DontCare -1 -1 1.5117 -9138.6692 -259.6220 -7560.8298 0.4479 1.2790 1.1430 1.1680 72.8347 5.6040 -7.4020 -0.0021 0.0
DontCare -1 -1 0.9360 -428.2994 381.1238 -348.9656 422.7729 1.1130 0.8830 1.0800 37.6434 3.6313 -27.3578 -0.0545 0.0
DontCare -1 -1 0.2156 669.5413 476.4726 678.0468 490.8496 1.1010 0.4690 0.5660 17.2693 2.3839 -72.3985 -0.0518 0.0
DontCare -1 -1 1.4807 -6396.3377 -126.7334 -5344.0595 92.2825 1.1280 0.9770 0.9750 51.6184 4.5245 -7.1589 -0.0021 0.0
DontCare -1 -1 -1.2237 623.1716 470.1961 643.3871 488.6674 1.2010 1.0600 0.9390 17.5470 2.4555 -62.2518 -1.5327 0.0