Car -1 -1 -4.5354 1831.7869 525.1230 2085.2072 596.7750 1.6730 1.8670 4.6290 26.3994 2.1796 25.1809 -4.7462 0.0
Misc -1 -1 -3.7481 994.7727 488.6238 1048.3654 559.7389 2.0000 1.4050 2.9430 -1.4257 0.5451 -27.6356 -1.5818 0.0
Car -1 -1 -1.7736 3268.5615 406.7282 3781.8464 480.7187 1.6810 2.1040 4.2150 -67.5801 2.4718 -24.8274 -4.6927 0.0
Car -1 -1 -4.5744 1917.1185 528.8553 2150.7620 585.2154 1.5110 1.8670 4.6890 32.8997 2.2158 29.0664 -4.7462 0.0
Misc -1 -1 -5.7710 1369.0431 472.2821 1517.7789 553.4887 2.0000 1.4530 3.0550 -11.9439 0.8798 -23.6757 -3.1701 0.0
Car -1 -1 -4.6932 2257.1012 467.5105 2483.4273 515.7176 1.7330 2.0490 4.4090 -53.3210 1.4558 -35.6416 -1.5686 0.0
Misc -1 -1 -1.7325 500.8655 553.7282 564.2284 582.2329 3.7120 3.0960 7.2620 -60.5301 10.0938 128.1443 -3.1755 0.0
Car -1 -1 -1.6843 533.2174 568.1722 576.6951 582.9536 1.6410 1.8250 4.4410 -50.3687 8.9696 112.2974 -3.1067 0.0
Car -1 -1 -4.5998 2039.9209 517.0480 2118.3822 537.0424 1.7600 1.9900 4.3860 102.4055 2.6186 86.0960 -4.7403 0.0
Misc -1 -1 -3.6349 780.4200 513.2471 817.3350 562.3018 2.0000 1.4050 2.9430 7.3875 -0.2331 -39.8026 -1.7040 0.0
Car -1 -1 -2.1591 -82464.9261 -48.5800 8014.1881 6909.3205 1.5610 1.8490 4.7230 -32.1207 2.5440 -1.9407 -4.7643 0.0
Misc -1 -1 -6.5259 666.2419 525.0165 704.7213 559.8815 2.0000 1.4050 2.9430 17.3188 -1.0561 -56.2682 -4.7059 0.0
Car -1 -1 1.5315 2046.6953 261.6332 3050.8134 531.6429 1.8580 1.9400 4.3020 -13.3445 1.6953 -8.5543 -1.5743 0.0
Car -1 -1 -3.6583 672.2283 567.7824 868.2691 757.7376 1.5210 1.7560 4.4410 -2.1858 2.3864 11.1761 -4.7997 0.0
Pedestrian -1 -1 -4.1369 1394.1500 533.6418 1433.3404 588.8422 1.9170 0.8240 1.2590 15.9054 2.8585 33.5215 -4.7021 0.0
Car -1 -1 1.0544 826.6040 561.5729 997.6901 620.6782 1.4740 2.1020 4.6280 -1.6177 3.0440 26.1928 0.0065 0.0
Car -1 -1 -4.0916 -668.1598 524.6707 -358.5014 611.4489 1.6630 1.9240 4.1640 31.1122 -0.3725 -19.5435 -3.0018 0.0
Car -1 -1 -4.1838 -354.9073 546.0191 -81.1420 627.9080 2.1160 2.3330 5.9440 34.6533 -1.1759 -27.1518 -2.9844 0.0
Car -1 -1 -3.7339 -5122.5237 276.0631 -2554.3312 784.8668 1.9450 2.2160 6.2660 25.0703 0.8866 -5.0373 -3.0193 0.0
Misc -1 -1 -3.4109 693.1949 521.6933 732.7297 558.7761 2.0000 1.4050 2.9430 14.6677 -0.7977 -52.7268 -1.5644 0.0
Car -1 -1 -4.3406 96.1069 582.9801 200.6812 625.7787 1.9900 1.8410 4.4080 43.5684 -4.0735 -49.2082 -2.9496 0.0
Car -1 -1 -4.2696 -148.2159 569.6882 -7.7817 621.7654 1.9900 1.8410 4.4080 44.7290 -2.7100 -39.6441 -3.0020 0.0
Car -1 -1 1.1408 718.1115 562.1081 895.0439 634.6690 1.6420 1.9370 4.1430 -4.0937 3.0676 23.5156 -0.0109 0.0
Car -1 -1 -1.5720 2360.2335 512.0098 2449.2609 529.8954 1.6430 1.9830 4.2000 136.2537 2.0331 88.5035 -1.5895 0.0
Car -1 -1 1.2780 590.2867 561.3944 733.0399 613.7859 1.8360 2.1700 4.8350 -11.9657 3.9743 36.0963 -0.0284 0.0
Car -1 -1 1.2242 633.5177 568.4708 789.8439 625.9889 1.6050 2.0440 4.3810 -8.1216 3.5813 29.3149 -0.0284 0.0
Car -1 -1 -4.6393 2138.9276 517.2552 2199.5169 531.0363 1.7140 2.0390 4.5030 155.7141 2.9401 121.0124 -4.7403 0.0
Person_sitting -1 -1 -3.2036 2674.2670 519.1850 2733.3777 554.7472 1.2250 0.5390 1.0650 60.4767 1.6187 32.4788 -3.1444 0.0
Car -1 -1 -3.8222 -1783.2281 476.8478 -1231.0477 624.0985 1.6770 1.8410 4.4080 31.7135 0.3548 -11.9440 -2.9356 0.0
Car -1 -1 -4.4340 1850.2974 483.6894 2010.0796 554.9786 4.1320 2.7570 7.2150 59.0218 2.7226 57.5939 -4.6498 0.0
Car -1 -1 -1.5727 2364.8442 510.5813 2446.3586 526.8521 1.6430 1.9830 4.2000 148.9858 1.9167 96.7044 -1.5895 0.0
Car -1 -1 -1.5720 2369.6200 511.5076 2431.4804 522.0603 1.4020 1.9830 4.2000 195.1571 1.8885 127.0887 -1.5895 0.0
Car -1 -1 -1.5724 2366.7191 511.1002 2440.0164 525.7364 1.6430 1.9830 4.2000 165.2538 2.0075 107.4186 -1.5895 0.0
Car -1 -1 -1.8027 613.5191 571.4376 666.0139 589.8391 1.6410 1.8250 4.4410 -32.2217 7.8559 90.2049 -3.1451 0.0
Misc -1 -1 -7.0703 1146.8462 479.6976 1230.4290 563.8967 2.0000 1.4050 2.9430 -5.4213 0.6724 -23.5710 -4.7234 0.0
Car -1 -1 -2.9759 -406.2913 583.9570 181.1771 802.3184 1.6900 1.8490 4.4640 -12.1586 2.7760 11.0352 -4.7472 0.0
Car -1 -1 -1.9109 3670.1228 197.0520 6293.0168 498.2385 2.0330 2.0250 5.5890 -35.9805 2.1596 -9.2574 -4.7159 0.0
Car -1 -1 -4.6266 2105.1377 517.2862 2173.7874 533.2360 1.7140 2.0390 4.5030 131.5760 2.7832 104.8772 -4.7403 0.0
Misc -1 -1 -7.1800 1250.5628 486.0148 1333.4209 557.6970 2.0000 1.4050 2.9430 -9.3687 0.6136 -27.4287 -4.7234 0.0
Car -1 -1 1.5133 2553.6754 442.6359 2931.4781 509.7236 1.6370 1.9400 4.3020 -46.9178 1.5951 -24.8747 -1.5394 0.0
Misc -1 -1 -6.6571 757.6723 476.4431 838.0258 567.5767 2.0000 1.4050 3.0550 4.0499 0.6927 -21.9578 -4.7409 0.0
Car -1 -1 1.5627 2428.4795 479.4497 2578.0580 507.7539 1.6370 1.9400 4.3020 -92.0256 1.6527 -55.9936 -1.5568 0.0
Car -1 -1 -1.5402 2278.9903 511.6240 2330.6923 521.1593 1.5310 2.0770 4.4800 219.6550 2.1362 153.3038 -1.5893 0.0
Car -1 -1 1.3368 562.2095 568.0801 681.4273 609.3083 1.6770 2.0480 4.6090 -15.7347 4.4536 41.9377 -0.0109 0.0
Car -1 -1 -3.4745 7438.4689 112.7612 45442.3530 3007.2329 1.5230 1.8840 4.1620 21.4336 1.3150 1.6440 -3.0367 0.0
Car -1 -1 -4.5937 2023.5629 517.4609 2108.2378 538.4756 1.7600 2.1190 4.5200 96.6344 2.6194 82.2415 -4.7403 0.0
Car -1 -1 1.5389 2184.2015 394.2282 2704.3742 507.1579 1.6370 1.9400 4.3020 -24.2369 1.6533 -15.6853 -1.5917 0.0
Car -1 -1 -4.6308 2116.8876 518.1407 2181.6743 533.1173 1.7140 2.0390 4.5030 141.4572 2.9572 111.8043 -4.7403 0.0
Car -1 -1 -1.5661 2334.0958 513.0855 2519.8594 551.9302 1.8330 2.0390 4.6690 73.0611 2.1017 46.8458 -1.5812 0.0
Misc -1 -1 -6.7782 879.8040 517.1279 910.6918 558.4321 2.0000 1.4050 2.9430 3.8791 -0.4774 -47.1840 -4.7409 0.0
Car -1 -1 -1.5687 2331.9993 515.0533 2546.9497 557.4598 1.7690 2.0070 4.8790 66.0929 2.1063 42.0618 -1.5812 0.0
Misc -1 -1 -4.0101 1144.7932 492.4588 1213.4299 555.0149 2.0000 1.4050 2.9430 -6.9072 0.4971 -31.2686 -1.6691 0.0
Misc -1 -1 -2.1874 998.1725 468.4330 1136.6662 558.9119 2.0000 1.4530 3.0550 -2.1271 0.8747 -21.3214 0.0239 0.0
Pedestrian -1 -1 -0.5424 917.0875 556.4249 952.6724 641.9465 1.8620 0.7700 0.9330 -0.8435 2.9927 21.2495 -1.5644 0.0
Car -1 -1 -4.6472 2113.4356 517.8891 2180.1580 533.2834 1.7140 2.0390 4.5030 137.3553 2.8945 108.7949 -4.7577 0.0
Car -1 -1 -2.3880 -6935.3077 651.4181 -1812.5389 1453.6884 1.6080 1.7680 4.3390 -21.8362 2.6896 4.8298 -4.6949 0.0
Car -1 -1 -1.5679 2354.1323 515.7408 2502.9525 546.2009 1.6140 1.7940 4.2070 82.0088 2.0679 52.4671 -1.5812 0.0
Misc -1 -1 -6.5856 727.7704 530.0220 756.7033 558.4987 2.0000 1.4050 2.9430 17.0598 -1.6702 -69.0789 -4.7059 0.0
Misc -1 -1 -3.9814 1199.5120 490.0058 1271.5382 556.9658 2.0000 1.4050 2.9430 -8.2298 0.5376 -29.2587 -1.5818 0.0
Car -1 -1 -1.5679 2365.3402 514.5369 2484.9749 540.3458 1.5610 1.8150 3.6950 92.1526 1.9887 59.0493 -1.5812 0.0
Car -1 -1 0.9231 -4529.0178 -153.3378 3691.0074 1818.2584 1.7010 1.8930 4.0970 -7.0817 1.9202 -0.6687 -1.5882 0.0
Misc -1 -1 -5.4205 1106.4463 460.5728 1258.4031 555.5768 2.0000 1.4530 3.0550 -4.5447 0.9985 -20.3944 -3.0828 0.0
Car -1 -1 -1.7073 2368.3686 512.0511 2475.9618 535.9729 1.5970 1.8580 3.5930 100.7240 1.8865 64.6528 -1.7208 0.0
Car -1 -1 -4.6454 2155.0729 516.6390 2213.5105 529.7766 1.7140 2.0390 4.5030 164.9803 2.9104 126.6142 -4.7403 0.0
Car -1 -1 -4.5207 317.3686 600.8136 368.3389 618.6511 1.6250 1.8410 4.4080 66.8994 -9.9895 -98.8689 -2.9915 0.0
Misc -1 -1 -6.8956 1033.4076 501.8463 1074.2810 555.2800 2.0000 1.4050 2.9430 -3.1554 0.2305 -36.2995 -4.6885 0.0
Car -1 -1 -1.8131 589.0895 566.5943 644.6707 585.9492 1.6410 1.8250 4.4410 -32.7684 7.1104 85.8346 -3.1765 0.0
Car -1 -1 -4.6525 2175.0908 515.7813 2227.9264 527.4872 1.7140 2.0390 4.5030 186.9943 2.9159 141.4870 -4.7403 0.0
Car -1 -1 -4.6697 2109.3624 515.0999 2162.0329 527.0989 1.8220 2.4020 4.6340 183.2003 2.9574 146.4576 -4.7840 0.0
Car -1 -1 -4.6058 2055.7926 519.6544 2128.7787 537.3226 1.6030 1.8530 4.2400 107.5578 2.7490 89.3560 -4.7403 0.0
Misc -1 -1 -6.8401 953.4770 509.8667 985.9882 556.3043 2.0000 1.4050 2.9430 0.1218 -0.0863 -41.6541 -4.7234 0.0
Misc -1 -1 -6.8283 926.7499 512.5675 957.7961 557.0933 2.0000 1.4050 2.9430 1.3957 -0.2210 -43.5726 -4.7409 0.0
Car -1 -1 -1.7885 558.5562 569.0931 619.9067 588.9013 1.5210 1.7560 4.4410 -32.1995 6.7240 78.2607 -3.1765 0.0
Car -1 -1 -1.7529 3161.8767 426.1704 3586.3535 482.7703 1.4700 1.9610 4.2150 -72.3026 2.2922 -28.1778 -4.6927 0.0
Misc -1 -1 -3.5770 804.8285 505.9248 852.0018 561.9791 2.0000 1.4050 3.2650 5.3456 0.0742 -34.8473 -1.6167 0.0
Car -1 -1 -4.3436 1544.4117 299.9742 2093.5673 516.2621 1.6980 1.7620 4.6560 -8.1226 1.6332 -9.6951 -1.4870 0.0
Car -1 -1 -1.6012 2346.6930 519.7682 2502.6653 547.6685 1.3740 1.6820 4.2260 77.5609 2.0305 49.7632 -1.6161 0.0
Car -1 -1 -1.5341 2261.9839 511.8896 2314.0055 521.5857 1.5310 2.0770 4.4800 213.5092 2.1707 150.9238 -1.5893 0.0
Misc -1 -1 -6.8383 758.4341 515.5718 791.9622 563.0635 2.0000 1.4050 2.9430 8.7562 -0.3486 -41.2632 -4.9328 0.0
Misc -1 -1 -3.8841 1098.3914 494.1348 1154.0189 553.3368 2.0000 1.4050 2.9430 -5.4082 0.4686 -32.9107 -1.5993 0.0
Car -1 -1 -3.9263 -1422.4862 485.7994 -837.3395 615.3958 1.5750 2.0300 4.9510 28.5020 0.2699 -12.6932 -2.9844 0.0
Cyclist -1 -1 1.3975 2661.2385 358.9594 3047.9934 513.6518 1.7820 0.8840 1.9690 -23.5194 1.7170 -11.7167 -1.6141 0.0
Car -1 -1 -1.5721 2288.7103 420.1687 2531.8749 534.3493 8.3930 3.3060 10.2280 113.0302 1.9364 73.5116 -1.5910 0.0
Car -1 -1 1.3532 2593.1712 226.9926 4033.2365 489.3651 1.5770 1.8360 4.2040 -18.5597 1.7801 -8.0123 -1.5917 0.0
Misc -1 -1 -6.5379 678.4153 523.2858 717.6210 559.3616 2.0000 1.4050 2.9430 15.9756 -0.9162 -54.2877 -4.7059 0.0
Car -1 -1 -2.7225 -2427.5221 619.9417 -609.1660 1023.3049 1.5400 1.8090 4.7600 -17.3899 2.7275 7.3950 -4.8339 0.0
Car -1 -1 -1.5714 2366.6846 511.7890 2431.5334 522.8792 1.4020 1.9830 4.2000 185.8275 1.9034 121.1397 -1.5895 0.0
Car -1 -1 -1.7184 506.8709 573.7914 552.8962 589.3216 1.6410 1.8250 4.4410 -51.0425 9.3025 107.3570 -3.1625 0.0
Van -1 -1 -1.5425 427.3684 589.9607 517.8847 632.3057 3.7120 3.0960 7.2620 48.6148 -8.1476 -90.5999 0.0883 0.0
Car -1 -1 -1.7653 537.3916 569.5061 592.5553 587.1319 1.5210 1.7560 4.4410 -38.4560 7.3951 87.8779 -3.1765 0.0
Car -1 -1 -1.5508 2309.3156 512.1130 2361.4715 521.5835 1.5310 2.0770 4.4800 226.5494 2.2236 154.5709 -1.5893 0.0
Car -1 -1 -1.5667 2357.0195 513.5957 2484.4697 537.9254 1.5360 1.9150 4.2000 96.1270 1.9201 61.7965 -1.5812 0.0
Misc -1 -1 -3.7211 1005.0563 505.4253 1041.4961 556.0655 2.0000 1.4050 2.9430 -2.0711 0.1019 -38.2199 -1.5469 0.0
Car -1 -1 -2.5907 337.4806 239.1422 1014.4324 510.8741 1.5410 1.8410 5.1740 2.0209 1.5247 -7.7980 -0.8238 0.0
Car -1 -1 -1.9391 4601.0489 146.7368 7304.3821 420.4681 1.4700 1.9610 4.2150 -42.3362 2.4684 -8.4811 -4.6927 0.0
Misc -1 -1 -2.3089 -9793.1713 -3908.7298 45811.6587 1499.9183 2.0000 1.5000 3.1060 -26.9332 2.5638 0.9320 -4.8107 0.0
Car -1 -1 -4.6155 2078.4785 517.9504 2149.1529 534.7370 1.6660 2.0390 4.3100 119.1024 2.7273 97.0727 -4.7403 0.0
Misc -1 -1 -3.6980 951.4790 493.9038 998.4696 560.8347 2.0000 1.4050 2.9430 -0.0675 0.4214 -29.2708 -1.5818 0.0
Misc -1 -1 -6.4932 695.1434 491.2240 779.8781 568.2700 2.0000 1.4050 2.9430 6.4125 0.4356 -25.6637 -4.6361 0.0
Car -1 -1 -4.6393 2093.0324 517.7148 2164.2994 534.3613 1.7140 2.0390 4.5030 125.2057 2.7896 100.7362 -4.7577 0.0
Misc -1 -1 -6.6170 735.3653 483.8728 813.8228 567.5215 2.0000 1.4050 2.9430 4.9772 0.5770 -23.7164 -4.7234 0.0
Car -1 -1 -4.6111 2067.7066 518.3602 2140.3858 536.0043 1.6660 2.0210 4.2400 112.4989 2.7196 92.4864 -4.7403 0.0
Misc -1 -1 -6.8052 759.0791 500.0941 804.6967 564.0183 2.0000 1.4050 2.9430 6.2499 0.2475 -30.6747 -4.8979 0.0
Car -1 -1 -3.0068 1815.8435 480.3696 1990.8248 529.6806 1.5930 1.8810 4.1800 -31.1204 0.8928 -31.1490 -0.0794 0.0
Car -1 -1 -4.6575 2095.6518 520.5837 2209.9537 546.0329 1.6260 1.8120 4.6910 81.3496 2.5263 64.1808 -4.7682 0.0
Car -1 -1 -1.5578 2318.2163 509.4298 2400.7335 525.4882 1.8470 2.4110 4.9050 163.8386 2.0190 109.8860 -1.5893 0.0
Car -1 -1 -4.6488 2220.5402 511.8997 2296.5546 527.5681 1.6860 2.1950 4.5240 143.0525 2.1287 103.4713 -4.7159 0.0
Car -1 -1 -4.6483 2169.4167 516.8960 2257.6460 536.4573 1.6260 1.7770 4.4360 108.8035 2.4272 81.5781 -4.7333 0.0
Car -1 -1 -3.0390 4708.3854 467.4994 11265.8162 1005.0355 1.5450 1.8860 4.7870 27.8805 1.4286 4.5928 -2.6746 0.0
Car -1 -1 -4.6246 2034.3359 518.0244 2215.4897 564.0562 1.9300 2.0770 4.9510 52.5778 2.4160 42.6027 -4.7508 0.0
Car -1 -1 -4.2782 1422.9715 543.1394 1618.6324 623.5174 1.5120 1.8060 4.3910 12.5737 2.4161 21.6932 -4.7647 0.0
Car -1 -1 -4.6414 2199.0566 511.4762 2279.8854 528.3294 1.6860 2.1950 4.5240 131.0714 2.0536 96.2423 -4.7159 0.0
Car -1 -1 -4.4888 1790.5580 531.4977 1980.4990 584.1619 1.5120 1.8060 4.5610 30.2703 2.3544 31.0521 -4.7333 0.0
Car -1 -1 -4.6541 2183.4271 513.0511 2272.5420 531.1794 1.6260 2.1950 4.5240 117.3600 2.1102 86.9769 -4.7333 0.0
Car -1 -1 -4.3874 1638.5480 539.0332 1798.0595 591.9808 1.5120 1.8060 4.3910 24.9781 2.6320 31.3614 -4.7298 0.0
Pedestrian -1 -1 -4.3456 1661.8821 524.5150 1697.3131 563.1645 1.8850 0.9460 1.0810 35.2651 2.7177 46.3667 -4.7079 0.0
Car -1 -1 -1.3548 1707.6946 531.0262 2278.9228 710.0352 1.5550 1.9340 4.2290 11.1643 1.8738 10.7539 -1.5845 0.0
DontCare -1 -1 -3.6382 922.1325 573.4091 927.5837 587.8533 0.7260 0.2500 0.5130 -2.5112 4.2153 49.3589 -4.6857 0.0
DontCare -1 -1 1.4596 472.6911 581.6905 506.5285 618.1191 1.2490 0.9310 0.7640 -17.7619 3.9987 34.2409 -0.0021 0.0
DontCare -1 -1 -4.4967 1972.0144 537.2766 1981.5511 550.1244 0.7920 0.2660 0.3070 62.8841 2.6288 58.2051 -4.6863 0.0
DontCare -1 -1 1.3863 741.9207 568.2291 760.0796 585.4025 1.2270 0.9080 1.0800 -16.8168 5.8403 70.7132 0.1550 0.0
DontCare -1 -1 -3.9151 -28.9368 530.9555 48.9087 649.4216 2.9500 1.3100 0.5500 24.9596 -0.6130 -24.1378 -2.6183 0.0
DontCare -1 -1 1.5054 432.0379 579.7004 460.9168 601.1522 1.2200 1.0670 1.1680 -32.2193 5.6554 57.0030 -0.0021 0.0
DontCare -1 -1 -1.7965 548.6675 593.1093 608.0716 643.5770 1.1370 0.8750 1.1060 -9.6976 3.2767 22.9315 -3.1687 0.0
DontCare -1 -1 -4.4290 1912.3771 540.3318 1925.6173 553.4892 0.7670 0.3890 0.3950 56.4670 2.7018 55.4561 -4.6481 0.0
DontCare -1 -1 0.2157 1823.7582 541.9447 1838.2905 555.9084 0.7850 0.3530 0.5160 49.3182 2.7404 53.3965 -0.0518 0.0
DontCare -1 -1 -1.3257 1795.7990 536.2398 1835.3141 558.9110 1.1960 1.1100 1.1690 46.3955 2.7675 51.1654 -1.6026 0.0
DontCare -1 -1 0.2065 1839.7413 538.4682 1854.3358 555.4094 0.9810 0.4690 0.4190 51.7293 2.7899 54.9823 -0.0518 0.0
DontCare -1 -1 1.4149 510.1362 586.4395 561.3147 629.0536 1.2020 0.9310 1.1280 -13.3263 3.6379 28.4185 -0.0021 0.0
DontCare -1 -1 1.1395 1035.5143 564.1396 1063.2874 592.7838 1.1520 0.8830 1.0800 3.3360 3.6063 40.1141 0.2248 0.0
DontCare -1 -1 1.4929 445.1441 581.3701 473.5319 604.6480 1.1720 1.0360 0.9750 -27.9094 5.2057 50.6175 -0.0021 0.0
DontCare -1 -1 1.2333 771.7319 567.2903 789.7328 585.4006 1.2270 0.9080 1.0800 -13.7022 5.5005 66.5710 0.0328 0.0
DontCare -1 -1 1.4649 472.4283 583.8574 502.4507 613.1969 1.1630 0.9310 0.7990 -20.7119 4.4424 39.7446 -0.0021 0.0
DontCare -1 -1 -4.4845 1949.5945 538.5341 1962.3391 551.9402 0.7940 0.3910 0.3560 59.3565 2.6416 56.1030 -4.6846 0.0
DontCare -1 -1 1.5117 426.9528 578.1333 453.8991 598.5319 1.2790 1.1430 1.1680 -35.9200 6.0593 62.8255 -0.0021 0.0
DontCare -1 -1 0.9360 966.4929 565.6725 989.9863 590.2492 1.1130 0.8830 1.0800 0.2868 3.9197 44.7965 -0.0545 0.0
DontCare -1 -1 0.2156 1822.6630 536.5893 1840.1038 556.2482 1.1010 0.4690 0.5660 49.0273 2.7394 53.0603 -0.0518 0.0
DontCare -1 -1 1.4807 456.1054 583.3084 487.0319 608.4777 1.1280 0.9770 0.9750 -24.2732 4.8192 45.1007 -0.0021 0.0
DontCare -1 -1 -1.2237 1744.1385 538.2080 1780.3580 562.5333 1.2010 1.0600 0.9390 40.4553 2.7634 47.6236 -1.5327 0.0