Car -1 -1 -4.5310 464.3657 523.9679 616.0693 628.7589 1.6730 1.8670 4.6290 -7.6791 2.4566 35.6126 -4.7439 0.0
Misc -1 -1 -3.7715 -2029.7155 301.8012 -1377.5930 567.9280 2.0000 1.4050 2.9430 21.8538 1.3640 -16.2826 -1.5795 0.0
Car -1 -1 -1.7710 1382.1747 428.5246 1465.7952 477.3320 1.6810 2.1040 4.2150 -16.2016 1.9010 -70.5011 -4.6904 0.0
Car -1 -1 -4.5714 568.8334 527.9067 684.9327 606.0364 1.5110 1.8670 4.6890 -7.4510 2.5425 43.1815 -4.7439 0.0
Misc -1 -1 -5.7858 -301.1246 358.9039 30.7013 536.0380 2.0000 1.4530 3.0550 12.8441 1.4045 -23.0094 -3.1678 0.0
Car -1 -1 -4.6932 917.7084 438.9693 982.6957 493.9413 1.7330 2.0490 4.4090 0.6142 1.3975 -64.3140 -1.5663 0.0
Misc -1 -1 -1.7266 -16705.8474 760.2986 -12971.6077 1268.9508 3.7120 3.0960 7.2620 -141.6531 6.4553 17.8485 -3.1732 0.0
Car -1 -1 -1.6804 -13491.2432 927.2284 -11726.9060 1170.3870 1.6410 1.8250 4.4410 -122.9469 5.8953 17.8911 -3.1073 0.0
Car -1 -1 -4.5989 682.8992 503.6940 719.8137 531.0093 1.7600 1.9900 4.3860 -18.0427 3.1543 132.4625 -4.7379 0.0
Misc -1 -1 -3.6528 -4341.0985 338.7711 -3252.9924 622.9927 2.0000 1.4050 2.9430 36.8684 1.0170 -15.4131 -1.7017 0.0
Car -1 -1 -2.1465 1956.8490 315.2286 2290.2750 441.7108 1.5610 1.8490 4.7230 -16.3750 2.2092 -28.2989 -4.7620 0.0
Misc -1 -1 -6.5385 -6774.8953 382.7357 -5307.1169 655.5717 2.0000 1.4050 2.9430 56.1061 0.7372 -15.9186 -4.7036 0.0
Car -1 -1 1.5324 925.6675 204.9927 1212.0782 480.3034 1.8580 1.9400 4.3020 -0.6672 1.8848 -15.4941 -1.5720 0.0
Car -1 -1 -3.5156 -34123.5263 800.2901 -2992.9317 7438.8257 1.5210 1.7560 4.4410 -11.2327 2.3640 2.9541 -4.7939 0.0
Pedestrian -1 -1 -4.1406 -374.3447 535.0034 -270.0477 661.1074 1.9170 0.8240 1.2590 -20.3807 2.7497 31.0969 -4.7172 0.0
Car -1 -1 1.0797 -3469.8372 665.7644 -2122.4399 952.6907 1.4740 2.1020 4.6280 -23.6482 2.7360 12.5544 0.0088 0.0
Car -1 -1 -4.1107 4579.6465 382.2593 5744.2568 612.2818 1.6630 1.9240 4.1640 32.5917 0.9325 15.4898 -2.9995 0.0
Car -1 -1 -4.2005 5670.8828 211.9305 7717.2635 538.7956 2.1160 2.3330 5.9440 40.9302 0.3593 14.3769 -2.9821 0.0
Car -1 -1 -3.7543 2381.5410 462.3614 3332.7892 691.4707 1.9450 2.2160 6.2660 17.0877 1.7673 18.2131 -3.0170 0.0
Misc -1 -1 -3.4244 -6015.4537 367.4481 -4700.3315 634.2690 2.0000 1.4050 2.9430 51.6887 0.8684 -16.2441 -1.5621 0.0
Car -1 -1 -4.3510 11731.9451 -388.4091 15904.9322 159.4101 1.9900 1.8410 4.4080 64.1787 -1.8718 10.0561 -2.9473 0.0
Car -1 -1 -4.2788 7120.5522 132.5588 8664.3981 406.7489 1.9900 1.8410 4.4080 56.4594 -0.6772 16.2037 -2.9997 0.0
Car -1 -1 1.1700 -5104.6287 704.3830 -3095.9313 1160.9779 1.6420 1.9370 4.1430 -22.7277 2.7656 9.0260 -0.0086 0.0
Car -1 -1 -1.5719 935.8342 501.9529 960.2248 522.6555 1.6430 1.9830 4.2000 -1.8208 3.1996 162.2730 -1.5872 0.0
Car -1 -1 1.2977 -8844.0794 753.5025 -5749.2997 1281.5416 1.8360 2.1700 4.8350 -37.5866 3.2514 9.1720 -0.0261 0.0
Car -1 -1 1.2483 -7230.3105 778.1951 -4564.8356 1272.8976 1.6050 2.0440 4.3810 -29.7954 3.0773 8.7564 -0.0261 0.0
Car -1 -1 -4.6388 769.8626 504.2043 793.5461 522.1089 1.7140 2.0390 4.5030 -18.7376 3.8200 196.1816 -4.7379 0.0
Person_sitting -1 -1 -3.2043 1085.3954 517.9149 1117.1795 553.6885 1.2250 0.5390 1.0650 4.5463 2.4290 68.2512 -3.1421 0.0
Car -1 -1 -1.6797 -20596.9158 1103.3847 -17271.6268 1435.9592 1.6410 1.9130 4.4410 -144.2379 6.4690 14.3578 -3.1525 0.0
Car -1 -1 -3.8285 3176.4838 467.4729 3906.4951 643.0146 1.6770 1.8410 4.4080 26.0900 1.5258 20.1806 -2.9312 0.0
Car -1 -1 -4.4320 483.8061 453.7767 599.8438 559.6669 4.1320 2.7570 7.2150 -17.4065 2.9800 80.5622 -4.6475 0.0
Car -1 -1 -1.5725 938.2761 500.0357 960.5756 518.9035 1.6430 1.9830 4.2000 -1.8647 3.1683 177.4180 -1.5872 0.0
Car -1 -1 -1.5719 939.7517 500.3591 956.7335 512.6511 1.4020 1.9830 4.2000 -2.5788 3.4354 232.6843 -1.5872 0.0
Car -1 -1 -1.5722 938.7927 500.3240 958.8738 517.3114 1.6430 1.9830 4.2000 -2.1262 3.3629 196.8947 -1.5872 0.0
Car -1 -1 -1.7939 -8432.1091 836.5572 -7259.4932 1027.4561 1.6410 1.8250 4.4410 -94.8058 5.6154 21.2467 -3.1437 0.0
Misc -1 -1 -7.0933 -1121.4009 319.8096 -651.5095 566.3634 2.0000 1.4050 2.9430 16.2754 1.3262 -17.4579 -4.7211 0.0
Car -1 -1 -2.9306 5549.3719 -1787.6571 16059.4620 225.9779 1.6900 1.8490 4.4640 -16.5545 2.5721 -4.4921 -4.7449 0.0
Car -1 -1 -1.8993 1542.2307 370.9854 1759.0676 491.6250 2.0330 2.0250 5.5890 -12.2824 1.8927 -35.9940 -4.7136 0.0
Car -1 -1 -4.6259 741.6616 504.2284 770.1606 525.2858 1.7140 2.0390 4.5030 -18.1489 3.5141 167.1545 -4.7379 0.0
Misc -1 -1 -7.1968 -696.4241 366.4478 -382.4549 550.6977 2.0000 1.4050 2.9430 17.3990 1.2684 -22.8617 -4.7211 0.0
Car -1 -1 1.5180 1117.0658 426.8520 1199.4217 490.9000 1.6370 1.9400 4.3020 -4.9745 1.4427 -52.5370 -1.5336 0.0
Misc -1 -1 -6.6905 -4795.9895 64.1619 -2784.4056 621.7876 2.0000 1.4050 3.0550 20.0182 1.5033 -8.6111 -4.7386 0.0
Car -1 -1 1.5630 1008.7390 459.9832 1045.4149 490.6939 1.6370 1.9400 4.3020 -3.0850 1.2428 -107.1754 -1.5545 0.0
Car -1 -1 -1.5399 877.3981 498.6252 893.5867 510.2592 1.5310 2.0770 4.4800 -11.4634 3.6293 267.4474 -1.5870 0.0
Car -1 -1 1.3538 -10424.6145 842.2339 -7201.4992 1342.6681 1.6770 2.0480 4.6090 -44.5497 3.5330 9.1429 -0.0086 0.0
Car -1 -1 -3.4902 1714.2523 528.8241 2253.2644 705.4058 1.5230 1.8840 4.1620 9.4891 1.9830 18.7480 -3.0344 0.0
Car -1 -1 -4.5927 667.7621 504.2508 709.4455 533.1626 1.7600 2.1190 4.5200 -17.9056 3.1193 125.5240 -4.7379 0.0
Car -1 -1 1.5395 939.6102 353.9356 1082.7167 475.2792 1.6370 1.9400 4.3020 -0.5292 1.7640 -29.0320 -1.5894 0.0
Car -1 -1 -4.6303 751.4830 505.3153 777.8424 524.9659 1.7140 2.0390 4.5030 -18.6641 3.7423 179.2100 -4.7379 0.0
Car -1 -1 -1.5660 928.2698 506.1700 975.9446 550.3025 1.8330 2.0390 4.6690 -0.7841 2.8655 86.5932 -1.5789 0.0
Misc -1 -1 -6.7927 -2984.4375 402.4396 -2380.5089 591.3543 2.0000 1.4050 2.9430 41.2009 0.8560 -22.3454 -4.7386 0.0
Car -1 -1 -1.5686 931.1361 509.2267 983.3632 556.9411 1.7690 2.0070 4.8790 -0.5097 2.8297 78.1452 -1.5789 0.0
Misc -1 -1 -4.0274 -1110.3567 364.9189 -758.8139 549.6759 2.0000 1.4050 2.9430 21.9616 1.2815 -22.8575 -1.6668 0.0
Misc -1 -1 -2.2169 -1756.5939 243.3101 -1062.0416 553.4128 2.0000 1.4530 3.0550 16.1498 1.5478 -13.4718 0.0262 0.0
Pedestrian -1 -1 -0.5202 -2785.8595 649.9240 -2335.3077 1024.8920 1.8620 0.7700 0.9330 -19.0648 2.8039 10.6675 -1.5655 0.0
Car -1 -1 -4.6466 749.2039 505.0264 775.5287 525.2560 1.7140 2.0390 4.5030 -18.3378 3.6598 174.1333 -4.7554 0.0
Car -1 -1 -2.3622 2671.7208 137.7976 3450.9893 395.2314 1.6080 1.7680 4.3390 -16.5401 2.4205 -15.9878 -4.6926 0.0
Car -1 -1 -1.5678 937.3062 508.7114 974.4874 543.2923 1.6140 1.7940 4.2070 -0.6975 2.8946 97.1593 -1.5789 0.0
Misc -1 -1 -6.5958 -5192.7819 448.1034 -4340.6964 630.8444 2.0000 1.4050 2.9430 66.7712 0.3852 -23.0382 -4.7036 0.0
Misc -1 -1 -3.9986 -892.7696 367.9609 -555.3319 551.9808 2.0000 1.4050 2.9430 19.5556 1.2535 -22.8884 -1.5795 0.0
Car -1 -1 -1.5678 939.4337 506.7243 972.7254 536.1673 1.5610 1.8150 3.6950 -0.7739 2.8822 109.2515 -1.5789 0.0
Car -1 -1 0.9354 1708.9080 -582.0398 3490.5787 392.8698 1.7010 1.8930 4.0970 -3.9467 2.0657 -5.8825 -1.5859 0.0
Misc -1 -1 -5.4476 -1171.9863 260.6803 -603.6851 538.3262 2.0000 1.4530 3.0550 14.0634 1.6036 -15.0092 -3.0805 0.0
Car -1 -1 -1.7072 936.5730 503.3978 975.2032 530.8096 1.5970 1.8580 3.5930 -0.8721 2.8356 119.4920 -1.7185 0.0
Car -1 -1 -4.6450 783.0920 503.4988 805.2628 520.4411 1.7140 2.0390 4.5030 -18.4624 3.8599 207.0059 -4.7379 0.0
Car -1 -1 -4.5266 55567.0491 -8563.2059 139210.1067 -2453.9452 1.6250 1.8410 4.4080 118.7005 -6.2763 2.9650 -2.9892 0.0
Misc -1 -1 -6.9127 -1753.2568 370.7221 -1299.3476 559.0757 2.0000 1.4050 2.9430 28.2264 1.1954 -22.4076 -4.6862 0.0
Car -1 -1 -4.3934 8267.2662 71.8137 10398.9247 385.2695 1.6930 1.8410 4.4080 52.0183 -0.6702 12.3907 -3.0695 0.0
Car -1 -1 -1.8054 -9566.8503 818.1271 -8050.4047 1041.4256 1.6410 1.8250 4.4410 -91.0973 4.9412 18.4292 -3.1759 0.0
Car -1 -1 -4.6522 798.8864 502.3785 818.2555 517.3532 1.7140 2.0390 4.5030 -19.1278 3.9981 233.5644 -4.7379 0.0
Car -1 -1 -4.6692 744.5555 500.3490 766.5073 516.2647 1.8220 2.4020 4.6340 -25.3578 3.8597 233.0480 -4.7817 0.0
Car -1 -1 -4.6050 697.2241 507.3436 729.9523 531.2484 1.6030 1.8530 4.2400 -18.0166 3.3203 138.5583 -4.7379 0.0
Misc -1 -1 -6.8559 -2323.5554 384.4748 -1804.9983 571.6129 2.0000 1.4050 2.9430 34.5095 1.0562 -22.5316 -4.7211 0.0
Misc -1 -1 -6.8437 -2545.4406 390.7104 -1999.7313 578.3067 2.0000 1.4050 2.9430 36.8149 0.9871 -22.4920 -4.7386 0.0
Car -1 -1 -1.7718 -11310.5360 883.6116 -9304.6394 1153.0780 1.5210 1.7560 4.4410 -84.4481 4.7256 14.8349 -3.1676 0.0
Car -1 -1 -1.7507 1346.5028 438.2346 1417.7371 477.6129 1.4700 1.9610 4.2150 -15.9199 1.6963 -76.2841 -4.6904 0.0
Misc -1 -1 -3.5974 -3987.7246 301.7449 -2811.9288 609.5069 2.0000 1.4050 3.2650 31.5872 1.1798 -14.4637 -1.6144 0.0
Car -1 -1 -4.3422 114.4391 82.7124 687.9734 448.7711 1.6980 1.7620 4.6560 3.1378 1.9503 -11.9933 -1.4742 0.0
Car -1 -1 -1.6010 933.3881 513.6555 972.5127 545.2468 1.3740 1.6820 4.2260 -0.8164 2.8241 91.9553 -1.6138 0.0
Car -1 -1 -1.5339 865.1311 498.7056 881.9273 510.6315 1.5310 2.0770 4.4800 -12.7709 3.5897 260.9879 -1.5870 0.0
Misc -1 -1 -6.8557 -4768.9913 342.8529 -3585.8546 635.6118 2.0000 1.4050 2.9430 38.8388 0.9595 -15.0469 -4.9305 0.0
Misc -1 -1 -3.9017 -1359.0885 359.6582 -960.5350 547.3631 2.0000 1.4050 2.9430 24.1527 1.3174 -22.4799 -1.5970 0.0
Car -1 -1 -3.9469 3448.2983 458.5603 4469.2286 657.6538 1.5750 2.0300 4.9510 25.3990 1.3793 16.9798 -2.9821 0.0
Cyclist -1 -1 1.4030 1190.8534 344.2462 1283.4289 484.9402 1.7820 0.8840 1.9690 -3.4965 1.7612 -25.9521 -1.6083 0.0
Car -1 -1 -1.5721 920.6906 400.4811 970.9737 528.1572 8.3930 3.3060 10.2280 -1.6801 2.9488 134.6446 -1.5887 0.0
Car -1 -1 1.3569 1239.3863 276.7979 1516.6039 458.9760 1.5770 1.8360 4.2040 -3.9410 1.8469 -19.7376 -1.5894 0.0
Misc -1 -1 -6.5510 -6415.4232 373.4539 -5013.4545 645.0749 2.0000 1.4050 2.9430 53.7110 0.8088 -15.9832 -4.7036 0.0
Car -1 -1 -2.6875 3241.8000 -102.3990 4973.5980 342.2717 1.5400 1.8090 4.7600 -16.3064 2.4943 -10.8604 -4.8316 0.0
Car -1 -1 -1.5713 938.1091 500.7735 955.9156 513.6932 1.4020 1.9830 4.2000 -2.5955 3.3866 221.6196 -1.5872 0.0
Car -1 -1 -1.7111 -16507.1487 1073.0559 -13811.3823 1391.6287 1.6410 1.8250 4.4410 -119.1502 6.3070 14.6326 -3.1602 0.0
Van -1 -1 -1.5531 -30509.0272 1501.4483 -20021.9688 3284.1434 3.7120 3.0960 7.2620 102.9424 -5.1374 -8.0824 0.0871 0.0
Car -1 -1 -1.7563 -13046.3184 928.8846 -10798.9465 1207.5676 1.5210 1.7560 4.4410 -95.9197 5.0697 14.7395 -3.1742 0.0
Car -1 -1 -1.5506 898.7842 499.6887 914.2430 511.0625 1.5310 2.0770 4.4800 -8.8192 3.8288 273.9369 -1.5870 0.0
Car -1 -1 -1.5666 936.8400 505.3453 970.5308 533.1992 1.5360 1.9150 4.2000 -0.9443 2.8363 114.0802 -1.5789 0.0
Misc -1 -1 -3.7377 -1943.6864 377.6204 -1469.0007 564.8895 2.0000 1.4050 2.9430 30.4312 1.1286 -22.5287 -1.5446 0.0
Car -1 -1 -2.6414 -14137.1023 -2631.6349 977985.5027 233958.6182 1.5410 1.8410 5.1740 7.2082 1.9930 -2.4849 -0.8040 0.0
Car -1 -1 -1.9321 1684.4936 377.1084 1859.9856 455.7792 1.4700 1.9610 4.2150 -16.3686 2.0645 -40.4282 -4.6904 0.0
Misc -1 -1 -2.2915 2217.3019 267.5839 2561.9221 460.8469 2.0000 1.5000 3.1060 -15.9986 2.2735 -22.3804 -4.8084 0.0
Car -1 -1 -4.6147 717.5047 505.0083 749.1924 527.4805 1.6660 2.0390 4.3100 -18.2948 3.3699 152.4417 -4.7379 0.0
Misc -1 -1 -3.7208 -2370.1459 306.9485 -1650.7133 577.8938 2.0000 1.4050 2.9430 23.9658 1.3017 -16.0193 -1.5795 0.0
Misc -1 -1 -6.5218 -5929.3471 102.5983 -3666.3375 657.9143 2.0000 1.4050 2.9430 24.4187 1.3711 -8.6172 -4.6338 0.0
Car -1 -1 -4.6387 731.7968 504.7769 760.9857 526.8743 1.7140 2.0390 4.5030 -18.0937 3.4786 159.5568 -4.7554 0.0
Misc -1 -1 -6.6480 -5153.8558 93.8753 -3124.1795 633.6241 2.0000 1.4050 2.9430 22.0018 1.4430 -8.7773 -4.7211 0.0
Car -1 -1 -4.6103 707.6432 505.5998 741.0251 529.3426 1.6660 2.0210 4.2400 -17.9899 3.3250 144.4077 -4.7379 0.0
Misc -1 -1 -6.8288 -4808.6343 227.2020 -3283.8443 626.0243 2.0000 1.4050 2.9430 28.5558 1.2843 -11.4540 -4.8956 0.0
Car -1 -1 -3.0102 463.7380 427.7169 667.7893 502.2738 1.5930 1.8810 4.1800 8.8055 1.1876 -43.1904 -0.0771 0.0
Car -1 -1 -4.6562 739.3707 510.9272 779.3511 544.4191 1.6260 1.8120 4.6910 -10.8794 3.0897 101.9771 -4.7659 0.0
Car -1 -1 -1.5533 908.0659 497.5676 932.7054 516.5318 1.8470 2.4110 4.9050 -4.9723 3.2993 198.0456 -1.5826 0.0
Car -1 -1 -4.6481 834.8717 499.2408 862.6239 518.8629 1.6860 2.1950 4.5240 -10.7681 3.1222 175.2112 -4.7136 0.0
Car -1 -1 -4.6474 797.1913 505.6783 827.1730 530.5903 1.6260 1.7770 4.4360 -10.7843 3.1831 134.8302 -4.7310 0.0
Car -1 -1 -3.0326 1552.3114 527.6332 1957.9915 661.9708 1.5450 1.8860 4.7870 10.2852 2.1709 25.8747 -2.6635 0.0
Car -1 -1 -4.6224 687.1445 509.6694 761.9887 571.2515 1.9300 2.0770 4.9510 -8.2251 2.8525 66.4028 -4.7485 0.0
Car -1 -1 -4.2516 -376.3149 564.9716 13.7915 741.8919 1.5120 1.8060 4.3910 -12.1355 2.4815 21.1456 -4.7659 0.0
Car -1 -1 -4.6407 818.6935 498.5549 849.2318 519.8581 1.6860 2.1950 4.5240 -11.1290 2.9536 161.4174 -4.7136 0.0
Car -1 -1 -4.4829 400.4063 531.3286 536.8536 612.4752 1.5120 1.8060 4.5610 -10.5390 2.5852 41.7231 -4.7310 0.0
Car -1 -1 -4.6534 807.6140 500.6869 840.8776 523.6906 1.6260 2.1950 4.5240 -10.7074 2.9258 144.9808 -4.7310 0.0
Car -1 -1 -4.3782 147.6228 545.4250 327.2012 639.0605 1.5120 1.8060 4.3910 -13.6429 2.7473 36.9583 -4.7310 0.0
Pedestrian -1 -1 -4.3395 191.6200 513.6709 241.1205 583.3641 1.8850 0.9460 1.0810 -20.7660 2.7306 54.3007 -4.7056 0.0
Car -1 -1 -1.3582 297.7437 550.2312 662.2539 794.5472 1.5550 1.9340 4.2290 -3.7413 2.1653 15.8336 -1.5857 0.0
DontCare -1 -1 -3.6243 -2621.5051 698.4359 -2526.2371 762.6356 0.7260 0.2500 0.5130 -43.6722 3.4060 24.2805 -4.6834 0.0
DontCare -1 -1 1.4796 -26614.5282 1505.9957 -19373.7303 2714.9013 1.2490 0.9310 0.7640 -39.1493 3.1979 3.2886 0.0002 0.0
DontCare -1 -1 -4.4949 595.0151 533.7526 602.7652 552.5199 0.7920 0.2660 0.3070 -15.8498 2.9509 84.1390 -4.6840 0.0
DontCare -1 -1 1.3967 -4931.6662 732.5804 -4654.6263 848.2237 1.2270 0.9080 1.0800 -69.4037 4.2976 23.7330 0.1573 0.0
DontCare -1 -1 -3.9370 8640.1838 -148.2353 10105.8231 666.7992 2.9500 1.3100 0.5500 33.1576 0.6642 7.8350 -2.6160 0.0
DontCare -1 -1 1.5174 -45362.4743 1930.7155 -32113.5435 3322.2425 1.2200 1.0670 1.1680 -66.1507 4.0887 3.3709 0.0002 0.0
DontCare -1 -1 -1.7662 -13398.2262 1254.0194 -9997.8356 2083.6579 1.1370 0.8750 1.1060 -25.2622 2.8741 3.9891 -3.1664 0.0
DontCare -1 -1 -4.4267 530.3065 538.8707 542.9405 558.7863 0.7670 0.3890 0.3950 -16.9938 2.9521 77.2518 -4.6458 0.0
DontCare -1 -1 0.2187 424.6050 542.2767 441.4889 564.7096 0.7850 0.3530 0.5160 -19.1114 2.8899 70.1202 -0.0495 0.0
DontCare -1 -1 -1.3226 391.3477 533.4985 433.2973 570.1912 1.1960 1.1100 1.1690 -18.8063 2.9047 66.4566 -1.6002 0.0
DontCare -1 -1 0.2093 446.2008 536.3824 460.3296 563.2998 0.9810 0.4690 0.4190 -19.1486 2.9548 73.0059 -0.0495 0.0
DontCare -1 -1 1.4392 -17684.3695 1318.5174 -13185.6566 2237.6222 1.2020 0.9310 1.1280 -31.8472 3.0479 3.8882 0.0002 0.0
DontCare -1 -1 1.1549 -1776.4344 638.7784 -1606.8967 741.8838 1.1520 0.8830 1.0800 -32.7192 3.1076 24.2267 0.2271 0.0
DontCare -1 -1 1.5065 -37169.8989 1780.8113 -27015.1334 2981.1664 1.1720 1.0360 0.9750 -58.4397 3.8590 3.5616 0.0002 0.0
DontCare -1 -1 1.2443 -4417.1240 713.9410 -4137.2676 825.3537 1.2270 0.9080 1.0800 -64.2285 4.1069 24.1256 0.0351 0.0
DontCare -1 -1 1.4823 -26343.3239 1555.6870 -19965.4007 2551.9081 1.1630 0.9310 0.7990 -45.3856 3.4674 3.7677 0.0002 0.0
DontCare -1 -1 -4.4825 570.8559 535.9157 582.4306 555.7467 0.7940 0.3910 0.3560 -15.9802 2.9366 80.0347 -4.6823 0.0
DontCare -1 -1 1.5227 -50500.3508 1983.9300 -35071.4534 3486.6273 1.2790 1.1430 1.1680 -73.0582 4.2967 3.3900 0.0002 0.0
DontCare -1 -1 0.9507 -2256.1031 655.0418 -2050.8061 754.3079 1.1130 0.8830 1.0800 -38.3136 3.2619 24.1804 -0.0522 0.0
DontCare -1 -1 0.2185 423.7903 533.6884 442.9361 565.2811 1.1010 0.4690 0.5660 -18.9838 2.8900 69.6946 -0.0495 0.0
DontCare -1 -1 1.4960 -31597.1939 1688.1240 -23451.5243 2762.4862 1.1280 0.9770 0.9750 -51.8248 3.6608 3.6528 0.0002 0.0
DontCare -1 -1 -1.2198 317.5515 537.5737 363.3143 578.5402 1.2010 1.0600 0.9390 -19.0237 2.8550 59.5442 -1.5304 0.0