Car -1 -1 -4.5354 4240.1424 146.4069 7375.4503 474.2229 1.6730 1.8670 4.6290 -36.5645 2.1438 -7.6725 -4.7462 0.0
Misc -1 -1 -3.7481 1571.5908 467.7658 1734.4725 562.9315 2.0000 1.4050 2.9430 15.8827 0.9532 20.8648 -1.5818 0.0
Car -1 -1 -1.7736 -3089.0039 406.4129 -2159.8207 505.9609 1.6810 2.1040 4.2150 69.3703 1.9370 -18.2006 -4.6927 0.0
Car -1 -1 -4.5744 5083.3303 104.0927 9292.8142 451.1319 1.5110 1.8670 4.6890 -44.1282 2.2079 -7.3003 -4.7462 0.0
Misc -1 -1 -5.7710 2497.6393 440.4315 2947.9985 608.7472 2.0000 1.4530 3.0550 22.4379 1.0833 11.7303 -3.1701 0.0
Car -1 -1 -4.6932 -16147.3735 69.6069 65207.7501 1795.1196 1.7330 2.0490 4.4090 63.5035 1.2831 -1.2758 -1.5686 0.0
Misc -1 -1 -1.7325 1058.8768 469.6627 1109.6108 494.6618 3.7120 3.0960 7.2620 -21.3391 7.2733 -141.6975 -3.1755 0.0
Car -1 -1 -1.6843 1085.2329 468.1187 1120.6253 481.1314 1.6410 1.8250 4.4410 -21.0050 6.5340 -122.8565 -3.1067 0.0
Car -1 -1 -4.5998 7603.0510 341.5528 9795.2337 472.1132 1.7600 1.9900 4.3860 -133.5942 2.6678 -16.2004 -4.7403 0.0
Misc -1 -1 -3.6349 1301.7986 476.8582 1377.6653 530.5841 2.0000 1.4050 2.9430 15.2979 0.4843 35.8898 -1.7040 0.0
Car -1 -1 -2.1591 -756.2403 387.7491 -272.5289 491.0837 1.5610 1.8490 4.7230 27.1715 2.1348 -17.5745 -4.7643 0.0
Misc -1 -1 -6.5259 1197.3373 484.0815 1235.0620 518.4774 2.0000 1.4050 2.9430 16.1675 0.0525 55.1117 -4.7059 0.0
Car -1 -1 1.5315 -2997.2182 117.3086 30076.4285 3517.6961 1.8580 1.9400 4.3020 15.2165 1.6444 -1.6420 -1.5743 0.0
Car -1 -1 -3.6583 1204.6168 307.9272 1520.6311 474.6724 1.5210 1.7560 4.4410 -5.0116 2.1800 -11.8803 -4.7997 0.0
Pedestrian -1 -1 -4.1369 2347.9496 398.8362 2475.4669 489.8672 1.9170 0.8240 1.2590 -32.4587 2.5502 -20.4446 -4.7021 0.0
Car -1 -1 1.0544 1367.3495 412.8577 1591.5324 475.8307 1.4740 2.1020 4.6280 -13.8133 2.6116 -24.0705 0.0065 0.0
Car -1 -1 -4.0916 422.0984 478.5122 566.4752 528.0673 1.6630 1.9240 4.1640 -15.6805 0.3521 32.1979 -3.0018 0.0
Car -1 -1 -4.1838 539.0211 460.6345 692.2147 511.3420 2.1160 2.3330 5.9440 -14.4081 -0.2846 40.5074 -2.9844 0.0
Car -1 -1 -3.7339 -317.2402 478.8088 129.0932 596.2848 1.9450 2.2160 6.2660 -18.6979 1.3032 16.7542 -3.0193 0.0
Misc -1 -1 -3.4109 1222.9945 484.2075 1265.6475 521.6936 2.0000 1.4050 2.9430 16.4092 0.2197 50.6902 -1.5644 0.0
Car -1 -1 -4.3406 771.3075 448.1377 840.9945 479.1198 1.9900 1.8410 4.4080 -9.5969 -2.7174 63.8589 -2.9496 0.0
Car -1 -1 -4.2696 645.1740 459.5738 726.1586 493.8143 1.9900 1.8410 4.4080 -15.8647 -1.4872 56.5187 -3.0020 0.0
Car -1 -1 1.1408 1257.5993 407.8795 1456.6272 479.4277 1.6420 1.9370 4.1430 -10.2679 2.6431 -23.2171 -0.0109 0.0
Car -1 -1 -1.5720 -55920.8415 -1023.3904 100653.2713 1385.3849 1.6430 1.9830 4.2000 -163.0930 2.5050 0.5816 -1.5895 0.0
Car -1 -1 1.2780 1139.7545 436.4384 1272.3053 484.3908 1.8360 2.1700 4.8350 -10.6955 3.2469 -38.0670 -0.0284 0.0
Car -1 -1 1.2242 1178.7289 422.4397 1333.6047 476.2083 1.6050 2.0440 4.3810 -10.1327 3.0118 -30.2858 -0.0284 0.0
Car -1 -1 -4.6393 11053.6510 299.4569 14538.5713 442.7967 1.7140 2.0390 4.5030 -197.3166 3.1704 -15.6869 -4.7403 0.0
Person_sitting -1 -1 -3.2036 -12148.2475 637.5627 -10663.0607 881.5983 1.2250 0.5390 1.0650 -68.9669 1.9325 5.1678 -3.1444 0.0
Car -1 -1 -3.8222 130.1560 491.2943 320.1314 553.5614 1.6770 1.8410 4.4080 -20.3949 0.9692 26.1948 -2.9356 0.0
Car -1 -1 -4.4340 4615.8366 329.3438 6884.2443 625.5586 4.1320 2.7570 7.2150 -81.6866 2.6257 -16.5539 -4.6498 0.0
Car -1 -1 -1.5727 -55998.3512 -1267.4273 130921.7312 1290.6007 1.6430 1.9830 4.2000 -178.2361 2.4339 0.8233 -1.5895 0.0
Car -1 -1 -1.5720 -65907.5754 -2034.2706 232670.2145 1247.3110 1.4020 1.9830 4.2000 -233.5070 2.5605 1.1555 -1.5895 0.0
Car -1 -1 -1.5724 -59926.4017 -1551.1634 158731.7262 1307.3819 1.6430 1.9830 4.2000 -197.7147 2.5791 0.9311 -1.5895 0.0
Car -1 -1 -1.8027 1154.4178 458.2575 1202.3575 475.2845 1.6410 1.8250 4.4410 -23.8500 6.0108 -94.3913 -3.1451 0.0
Misc -1 -1 -7.0703 1840.3122 448.1873 2126.2789 582.0089 2.0000 1.4050 2.9430 16.9525 0.9630 15.2650 -4.7234 0.0
Car -1 -1 -2.9759 686.7335 368.1544 826.2870 482.3960 1.6900 1.8490 4.4640 3.3650 2.4362 -17.3021 -4.7472 0.0
Car -1 -1 -1.9109 -2076.1859 363.1445 -933.7713 536.4161 2.0330 2.0250 5.5890 34.4408 1.8119 -13.6208 -4.7159 0.0
Car -1 -1 -4.6266 9576.4453 314.9669 12582.2902 454.6686 1.7140 2.0390 4.5030 -168.2828 2.9366 -15.6487 -4.7403 0.0
Misc -1 -1 -7.1800 2070.7388 449.7041 2382.5166 574.2984 2.0000 1.4050 2.9430 22.3766 0.9105 16.2860 -4.7234 0.0
Car -1 -1 1.5133 -9815.8322 242.7217 -4416.9236 578.0233 1.6370 1.9400 4.3020 52.2032 1.3419 -6.6838 -1.5394 0.0
Misc -1 -1 -6.6571 1276.5570 469.7931 1410.9731 574.4441 2.0000 1.4050 3.0550 8.1775 1.0868 19.1754 -4.7409 0.0
Car -1 -1 1.5627 -26139.8964 196.5644 -11350.5829 610.1048 1.6370 1.9400 4.3020 106.9969 1.2707 -5.8157 -1.5568 0.0
Car -1 -1 -1.5402 27493.5641 -6.4453 52226.6099 398.7072 1.5310 2.0770 4.4800 -268.4319 2.7331 -7.0699 -1.5893 0.0
Car -1 -1 1.3368 1115.1033 442.3982 1219.8577 479.3950 1.6770 2.0480 4.6090 -10.7990 3.5841 -45.0263 -0.0109 0.0
Car -1 -1 -3.4745 -1406.8312 522.4976 -660.3384 699.1748 1.5230 1.8840 4.1620 -19.3777 1.5781 9.1705 -3.0367 0.0
Car -1 -1 -4.5937 7230.7548 341.7858 9386.1041 473.1531 1.7600 2.1190 4.5200 -126.6543 2.6501 -16.1947 -4.7403 0.0
Car -1 -1 1.5389 -6008.9473 145.4820 67019.1912 4316.6746 1.6370 1.9400 4.3020 28.2348 1.5653 -1.7502 -1.5917 0.0
Car -1 -1 -4.6308 10053.5701 305.6689 13151.4271 445.5058 1.7140 2.0390 4.5030 -180.3465 3.1370 -15.9344 -4.7403 0.0
Car -1 -1 -1.5661 -31566.1714 -502.0394 38721.4978 1385.9739 1.8330 2.0390 4.6690 -87.4062 2.3629 0.1861 -1.5812 0.0
Misc -1 -1 -6.7782 1424.0321 477.1189 1495.5369 524.9148 2.0000 1.4050 2.9430 22.3113 0.3071 40.0893 -4.7409 0.0
Car -1 -1 -1.5687 -26084.5196 -499.9170 35262.3720 1310.6943 1.7690 2.0070 4.8790 -78.9547 2.3472 0.3010 -1.5812 0.0
Misc -1 -1 -4.0101 1841.5502 464.4309 2050.1828 559.9473 2.0000 1.4050 2.9430 22.4586 0.8872 20.8478 -1.6691 0.0
Misc -1 -1 -2.1874 1606.3658 464.9263 1868.8883 592.5646 2.0000 1.4530 3.0550 12.9641 1.1750 15.2165 0.0239 0.0
Pedestrian -1 -1 -0.5424 1467.9072 389.4320 1530.6182 481.3332 1.8620 0.7700 0.9330 -11.7152 2.6477 -19.5279 -1.5644 0.0
Car -1 -1 -4.6472 9916.3766 306.7048 12997.1033 448.3199 1.7140 2.0390 4.5030 -175.2644 3.0654 -15.7047 -4.7577 0.0
Car -1 -1 -2.3880 -3.2676 378.2053 291.0293 484.4607 1.6080 1.7680 4.3390 14.8591 2.3149 -17.5057 -4.6949 0.0
Car -1 -1 -1.5679 -34590.8324 -827.3475 56563.4203 1366.7152 1.6140 1.7940 4.2070 -97.9693 2.3633 0.4732 -1.5812 0.0
Misc -1 -1 -6.5856 1258.4037 483.5650 1292.7493 512.5494 2.0000 1.4050 2.9430 23.4883 -0.3656 65.6373 -4.7059 0.0
Misc -1 -1 -3.9814 1951.9699 456.5900 2203.6862 565.3514 2.0000 1.4050 2.9430 22.4441 0.8786 18.4415 -1.5818 0.0
Car -1 -1 -1.5679 -40624.5027 -1246.6042 84047.9420 1386.2130 1.5610 1.8150 3.6950 -110.0608 2.3195 0.6252 -1.5812 0.0
Car -1 -1 0.9231 -1316.9688 -115.6255 304.3304 499.8516 1.7010 1.8930 4.0970 5.6317 1.8316 -4.7329 -1.5882 0.0
Misc -1 -1 -5.4205 1805.4625 461.3856 2142.1785 611.5323 2.0000 1.4530 3.0550 14.4617 1.2515 13.1020 -3.0828 0.0
Car -1 -1 -1.7073 -46601.1752 -1740.7394 120692.9282 1396.7220 1.5970 1.8580 3.5930 -120.3011 2.2467 0.7198 -1.7208 0.0
Car -1 -1 -4.6454 11904.4621 290.7146 15809.3560 440.2660 1.7140 2.0390 4.5030 -208.1339 3.1795 -15.2071 -4.7403 0.0
Car -1 -1 -4.5207 915.3326 445.2924 951.6033 459.3391 1.6250 1.8410 4.4080 -1.4738 -7.5426 118.2303 -2.9915 0.0
Misc -1 -1 -6.8956 1637.1298 472.5904 1765.5029 544.5669 2.0000 1.4050 2.9430 22.1274 0.7500 27.1191 -4.6885 0.0
Car -1 -1 -1.8131 1133.0399 463.0209 1182.5582 480.6412 1.6410 1.8250 4.4410 -20.9726 5.3260 -91.0438 -3.1765 0.0
Car -1 -1 -4.6525 13196.1593 288.3777 17489.3196 437.1523 1.7140 2.0390 4.5030 -234.7005 3.2528 -15.3700 -4.7403 0.0
Car -1 -1 -4.6697 9961.0005 365.6046 12160.6742 465.9587 1.8220 2.4020 4.6340 -234.3013 3.1654 -21.6099 -4.7840 0.0
Car -1 -1 -4.6058 7994.9474 330.7680 10238.8436 456.0287 1.6030 1.8530 4.2400 -139.6891 2.8175 -16.0574 -4.7403 0.0
Misc -1 -1 -6.8401 1518.0416 475.9904 1612.0904 533.7896 2.0000 1.4050 2.9430 22.3705 0.5611 33.3973 -4.7234 0.0
Misc -1 -1 -6.8283 1482.1587 476.4179 1567.7459 530.3425 2.0000 1.4050 2.9430 22.3746 0.4735 35.7025 -4.7409 0.0
Car -1 -1 -1.7885 1107.3892 461.5965 1160.1372 479.2823 1.5210 1.7560 4.4410 -17.2452 5.0652 -84.4200 -3.1765 0.0
Car -1 -1 -1.7529 -3463.5776 416.3367 -2454.7757 504.9733 1.4700 1.9610 4.2150 75.1577 1.7454 -18.0290 -4.6927 0.0
Misc -1 -1 -3.5770 1330.7028 475.7520 1422.5379 539.4422 2.0000 1.4050 3.2650 14.2485 0.6867 30.6289 -1.6167 0.0
Car -1 -1 -4.3436 -229784.1000 -36435.8803 3552.1919 1115.2206 1.6980 1.7620 4.6560 11.5045 1.6710 2.2044 -1.4870 0.0
Car -1 -1 -1.6012 -36171.8303 -654.2351 47586.1556 1431.4722 1.3740 1.6820 4.2260 -92.7687 2.3075 0.2563 -1.6161 0.0
Car -1 -1 -1.5341 23399.7790 115.3573 39598.2116 415.5298 1.5310 2.0770 4.4800 -261.9981 2.7212 -8.4994 -1.5893 0.0
Misc -1 -1 -6.8383 1274.0731 477.1471 1347.9384 528.0018 2.0000 1.4050 2.9430 14.9692 0.4101 37.8663 -4.9328 0.0
Misc -1 -1 -3.8841 1750.1637 470.7022 1921.9268 556.2905 2.0000 1.4050 2.9430 22.1224 0.9047 23.0458 -1.5993 0.0
Car -1 -1 -3.9263 192.9562 489.3843 416.2896 550.8178 1.5750 2.0300 4.9510 -17.3075 0.8523 25.0387 -2.9844 0.0
Cyclist -1 -1 1.3975 -5580.9106 119.2884 -3137.5885 569.3584 1.7820 0.8840 1.9690 25.4364 1.5770 -4.6549 -1.6141 0.0
Car -1 -1 -1.5721 -23146.2706 -547.5369 26367.7588 1658.5475 8.3930 3.3060 10.2280 -135.4543 2.3259 0.1747 -1.5910 0.0
Car -1 -1 1.3532 -5533.6480 -13.3804 -1440.7042 508.1207 1.5770 1.8360 4.2040 19.2550 1.6499 -4.9870 -1.5917 0.0
Misc -1 -1 -6.5379 1208.8139 484.1522 1248.9633 520.1559 2.0000 1.4050 2.9430 16.1867 0.1434 52.7164 -4.7059 0.0
Car -1 -1 -2.7225 295.8539 368.6733 516.4557 478.4504 1.5400 1.8090 4.7600 9.7368 2.3733 -17.1743 -4.8339 0.0
Car -1 -1 -1.5714 -67533.5481 -1518.1585 178347.0086 1296.1363 1.4020 1.9830 4.2000 -222.4444 2.5411 0.9296 -1.5895 0.0
Car -1 -1 -1.7184 1063.9461 463.4447 1100.6213 476.9142 1.6410 1.8250 4.4410 -17.7027 6.9344 -119.1272 -3.1625 0.0
Van -1 -1 -1.5425 994.9277 426.6424 1062.4466 463.1609 3.7120 3.0960 7.2620 9.1565 -6.0781 101.1731 0.0883 0.0
Car -1 -1 -1.7653 1089.3341 464.1279 1135.4091 479.6668 1.5210 1.7560 4.4410 -17.3733 5.5015 -95.9037 -3.1765 0.0
Car -1 -1 -1.5508 39669.9983 -789.1036 124598.3399 325.8786 1.5310 2.0770 4.4800 -274.8707 2.8945 -4.3021 -1.5893 0.0
Car -1 -1 -1.5667 -39614.7144 -833.6335 69256.6592 1309.3287 1.5360 1.9150 4.2000 -114.8917 2.2622 0.5456 -1.5812 0.0
Misc -1 -1 -3.7211 1592.5556 473.3647 1706.0093 539.6481 2.0000 1.4050 2.9430 22.2903 0.6660 29.3206 -1.5469 0.0
Car -1 -1 -2.5907 867.1354 531.2223 1489.9259 930.7137 1.5410 1.8410 5.1740 2.0124 1.6709 6.2542 -0.8238 0.0
Car -1 -1 -1.9391 -1422.7047 398.5478 -830.7164 492.0097 1.4700 1.9610 4.2150 39.2989 2.0222 -17.7979 -4.6927 0.0
Misc -1 -1 -2.3089 -358.4370 387.5467 -74.2089 508.6750 2.0000 1.5000 3.1060 21.2618 2.1805 -17.0875 -4.8107 0.0
Car -1 -1 -4.6155 8675.3858 329.4748 11174.5208 458.6299 1.6660 2.0390 4.3100 -153.5753 2.8326 -16.0733 -4.7403 0.0
Misc -1 -1 -3.6980 1508.9323 469.2451 1647.2716 555.0454 2.0000 1.4050 2.9430 15.6595 0.8734 22.9808 -1.5818 0.0
Misc -1 -1 -6.4932 1227.3493 472.3849 1315.5077 556.0398 2.0000 1.4050 2.9430 8.2671 0.9196 23.5738 -4.6361 0.0
Car -1 -1 -4.6393 9150.4156 317.1402 11974.3836 455.8433 1.7140 2.0390 4.5030 -160.6854 2.9208 -15.7372 -4.7577 0.0
Misc -1 -1 -6.6170 1257.5934 471.2171 1371.3947 564.9789 2.0000 1.4050 2.9430 8.3813 1.0112 21.1550 -4.7234 0.0
Car -1 -1 -4.6111 8344.6916 329.6154 10725.0114 459.3481 1.6660 2.0210 4.2400 -145.5368 2.8065 -15.9204 -4.7403 0.0
Misc -1 -1 -6.8052 1270.4802 475.3903 1370.3974 546.1282 2.0000 1.4050 2.9430 11.1818 0.8073 27.6559 -4.8979 0.0
Car -1 -1 -3.0068 5553.8033 422.3328 7250.4744 659.0288 1.5930 1.8810 4.1800 42.5387 0.9520 7.3113 -0.0794 0.0
Car -1 -1 -4.6575 8896.1689 183.0695 14110.1451 440.6145 1.6260 1.8120 4.6910 -103.9180 2.6304 -9.6459 -4.7682 0.0
Car -1 -1 -1.5578 -350211.6243 -21.2517 42864.7212 4983.2741 1.8470 2.4110 4.9050 -197.9061 2.5330 -1.9066 -1.5893 0.0
Car -1 -1 -4.6488 16614.5049 128.6847 29075.8395 448.7019 1.6860 2.1950 4.5240 -177.0531 2.4600 -8.1008 -4.7159 0.0
Car -1 -1 -4.6483 12216.2991 152.4637 19882.4753 434.0335 1.6260 1.7770 4.4360 -136.4115 2.6336 -8.8898 -4.7333 0.0
Car -1 -1 -3.0390 -1773.1308 531.8035 -1177.2436 708.5756 1.5450 1.8860 4.7870 -26.3771 1.7333 10.2907 -2.6746 0.0
Car -1 -1 -4.6246 7062.8979 75.0133 13171.5348 469.0400 1.9300 2.0770 4.9510 -68.0094 2.4648 -7.6509 -4.7508 0.0
Car -1 -1 -4.2782 2343.1383 314.4881 3107.7258 471.4263 1.5120 1.8060 4.3910 -23.1259 2.2466 -12.4439 -4.7647 0.0
Car -1 -1 -4.6414 14542.8920 184.4693 24346.1669 463.1693 1.6860 2.1950 4.5240 -163.0745 2.3346 -8.7307 -4.7159 0.0
Car -1 -1 -4.4888 4008.8378 258.4064 5923.5500 461.8600 1.5120 1.8060 4.5610 -43.0418 2.2798 -10.4131 -4.7333 0.0
Car -1 -1 -4.6541 13286.7247 176.0410 22263.7657 456.4613 1.6260 2.1950 4.5240 -146.5264 2.3490 -8.6288 -4.7333 0.0
Car -1 -1 -4.3874 3157.4522 316.8628 4152.9125 461.1045 1.5120 1.8060 4.3910 -38.8095 2.4806 -13.6113 -4.7298 0.0
Pedestrian -1 -1 -4.3456 3378.8095 402.6572 3555.6330 491.6801 1.8850 0.9460 1.0810 -55.6925 2.4726 -20.3900 -4.7079 0.0
Car -1 -1 -1.3548 3155.1325 -343.8341 8680.0861 473.1650 1.5550 1.9340 4.2290 -15.8861 1.8555 -4.1145 -1.5845 0.0
DontCare -1 -1 -3.6382 1484.5364 445.4323 1495.9621 461.4601 0.7260 0.2500 0.5130 -25.9186 3.4100 -43.8609 -4.6857 0.0
DontCare -1 -1 1.4596 1047.4170 441.9089 1067.8316 472.3199 1.2490 0.9310 0.7640 -4.8437 3.2215 -39.7387 -0.0021 0.0
DontCare -1 -1 -4.4967 6153.4863 356.6744 6280.3412 408.4850 0.7920 0.2660 0.3070 -85.2393 2.5749 -14.9183 -4.6863 0.0
DontCare -1 -1 1.3863 1279.1570 457.3609 1296.6857 474.4146 1.2270 0.9080 1.0800 -25.8588 4.5081 -69.5920 0.1550 0.0
DontCare -1 -1 -3.9151 699.1311 435.1689 737.1103 520.4508 2.9500 1.3100 0.5500 -8.0135 0.0995 32.6124 -2.6183 0.0
DontCare -1 -1 1.5054 1011.6276 457.2715 1029.0080 474.9616 1.2200 1.0670 1.1680 -5.4384 4.3272 -66.7257 -0.0021 0.0
DontCare -1 -1 -1.7965 1110.7098 416.3940 1157.1982 459.7595 1.1370 0.8750 1.1060 -5.2810 2.7852 -25.8435 -3.1687 0.0
DontCare -1 -1 -4.4290 5343.2479 367.3188 5479.5427 414.2949 0.7670 0.3890 0.3950 -78.3750 2.6034 -16.1920 -4.6481 0.0
DontCare -1 -1 0.2157 4466.1173 387.3591 4555.7967 428.8686 0.7850 0.3530 0.5160 -71.2845 2.5770 -18.4443 -0.0518 0.0
DontCare -1 -1 -1.3257 4239.0374 381.4198 4510.5510 448.7771 1.1960 1.1100 1.1690 -67.6151 2.5990 -18.2098 -1.6026 0.0
DontCare -1 -1 0.2065 4602.9222 383.9210 4715.1138 435.8909 0.9810 0.4690 0.4190 -74.1702 2.6345 -18.4272 -0.0518 0.0
DontCare -1 -1 1.4149 1077.9997 430.6561 1114.4755 466.8287 1.2020 0.9310 1.1280 -5.3049 3.0117 -32.4278 -0.0021 0.0
DontCare -1 -1 1.1395 1640.5225 431.3727 1688.5931 465.9627 1.1520 0.8830 1.0800 -25.6564 3.0245 -32.9151 0.2248 0.0
DontCare -1 -1 1.4929 1022.4536 453.9369 1039.2324 473.2058 1.1720 1.0360 0.9750 -5.4829 4.0356 -59.0143 -0.0021 0.0
DontCare -1 -1 1.2333 1309.4532 455.9005 1329.9714 474.2406 1.2270 0.9080 1.0800 -26.1531 4.2752 -64.4120 0.0328 0.0
DontCare -1 -1 1.4649 1045.2245 445.8135 1063.5114 470.3611 1.1630 0.9310 0.7990 -5.4414 3.5394 -45.9622 -0.0021 0.0
DontCare -1 -1 -4.4845 5822.8875 358.7807 5966.1189 410.4238 0.7940 0.3910 0.3560 -81.1381 2.5724 -15.1263 -4.6846 0.0
DontCare -1 -1 1.5117 1007.2641 459.6186 1023.0143 476.4127 1.2790 1.1430 1.1680 -5.5885 4.5902 -73.6298 -0.0021 0.0
DontCare -1 -1 0.9360 1541.2871 439.4034 1581.4446 467.6289 1.1130 0.8830 1.0800 -25.7163 3.2235 -38.5078 -0.0545 0.0
DontCare -1 -1 0.2156 4455.1390 386.0690 4570.2935 444.2681 1.1010 0.4690 0.5660 -70.8561 2.5772 -18.3259 -0.0518 0.0
DontCare -1 -1 1.4807 1031.5792 450.3283 1050.5673 471.2459 1.1280 0.9770 0.9750 -5.4487 3.7844 -52.4005 -0.0021 0.0
DontCare -1 -1 -1.2237 3860.6265 386.4090 4070.8000 451.3103 1.2010 1.0600 0.9390 -60.7080 2.5693 -18.5580 -1.5327 0.0