Car -1 -1 -4.5354 472.1436 518.8393 619.4168 620.5901 1.6730 1.8670 4.6290 -7.7451 2.3715 36.3739 -4.7462 0.0
Misc -1 -1 -3.7481 -2206.1121 302.5068 -1492.3255 584.0741 2.0000 1.4050 2.9430 21.8739 1.2842 -15.4723 -1.5818 0.0
Car -1 -1 -1.7736 1382.9579 418.9508 1467.8034 468.8288 1.6810 2.1040 4.2150 -16.0787 2.2090 -69.7562 -4.6927 0.0
Car -1 -1 -4.5744 572.7059 522.4513 686.0617 598.5330 1.5110 1.8670 4.6890 -7.5296 2.4315 43.9437 -4.7462 0.0
Misc -1 -1 -5.7710 -351.2524 355.0020 -4.5707 538.7259 2.0000 1.4530 3.0550 12.8768 1.3966 -22.2150 -3.1701 0.0
Car -1 -1 -4.6932 913.7279 432.1632 979.5362 487.8261 1.7330 2.0490 4.4090 0.7227 1.5920 -63.5408 -1.5686 0.0
Misc -1 -1 -1.7325 -16124.7118 824.8142 -12574.3538 1330.6527 3.7120 3.0960 7.2620 -141.4384 7.1881 18.3818 -3.1755 0.0
Car -1 -1 -1.6843 -13001.9234 975.4760 -11331.7715 1216.5820 1.6410 1.8250 4.4410 -122.5928 6.4944 18.4372 -3.1067 0.0
Car -1 -1 -4.5998 681.0349 498.5903 717.6675 525.5786 1.7600 1.9900 4.3860 -18.2799 2.8112 133.2067 -4.7403 0.0
Misc -1 -1 -3.6349 -4684.3926 354.5806 -3474.0183 657.0697 2.0000 1.4050 2.9430 36.8848 0.8511 -14.5771 -1.7040 0.0
Car -1 -1 -2.1591 1977.9998 296.8009 2325.7566 429.4038 1.5610 1.8490 4.7230 -16.3263 2.3806 -27.5533 -4.7643 0.0
Misc -1 -1 -6.5259 -7273.4002 415.6440 -5639.2041 705.9263 2.0000 1.4050 2.9430 56.1215 0.4661 -15.0491 -4.7059 0.0
Car -1 -1 1.5315 922.0753 194.8313 1213.3091 476.2063 1.8580 1.9400 4.3020 -0.6434 1.9207 -15.2715 -1.5743 0.0
Car -1 -1 -3.6583 -8655.0413 734.7887 -2005.8344 2426.1922 1.5210 1.7560 4.4410 -11.2993 2.4183 4.7407 -4.7997 0.0
Pedestrian -1 -1 -4.1369 -338.8898 533.5655 -238.2014 655.9775 1.9170 0.8240 1.2590 -20.4305 2.7498 32.0050 -4.7021 0.0
Car -1 -1 1.0544 -3208.8627 667.3006 -1966.1095 936.9771 1.4740 2.1020 4.6280 -23.6699 2.8147 13.2885 0.0065 0.0
Car -1 -1 -4.0916 4405.6021 356.1019 5475.7985 573.4155 1.6630 1.9240 4.1640 32.5531 0.6896 16.3183 -3.0018 0.0
Car -1 -1 -4.1838 5432.6010 187.4705 7291.5526 493.9779 2.1160 2.3330 5.9440 40.8886 0.0737 15.2176 -2.9844 0.0
Car -1 -1 -3.7339 2322.5768 444.7037 3219.5913 663.2318 1.9450 2.2160 6.2660 17.0480 1.6015 19.0160 -3.0193 0.0
Misc -1 -1 -3.4109 -6450.9296 395.0542 -4992.2485 678.3848 2.0000 1.4050 2.9430 51.7055 0.6229 -15.3821 -1.5644 0.0
Car -1 -1 -4.3406 11027.5577 -400.1983 14631.0570 112.3645 1.9900 1.8410 4.4080 64.3405 -2.2996 10.8891 -2.9496 0.0
Car -1 -1 -4.2696 6895.8720 98.7792 8323.2784 365.3261 1.9900 1.8410 4.4080 56.8693 -1.0913 17.0045 -3.0020 0.0
Car -1 -1 1.1408 -4601.4648 704.7484 -2819.2942 1123.6170 1.6420 1.9370 4.1430 -22.7435 2.8507 9.7616 -0.0109 0.0
Car -1 -1 -1.5720 932.4991 495.5406 956.7729 515.9757 1.6430 1.9830 4.2000 -2.1115 2.6693 163.0463 -1.5895 0.0
Car -1 -1 1.2780 -8054.2486 765.7956 -5316.4307 1254.7914 1.8360 2.1700 4.8350 -37.6004 3.4185 9.8822 -0.0284 0.0
Car -1 -1 1.2242 -6530.5999 781.1863 -4185.8308 1234.6454 1.6050 2.0440 4.3810 -29.8087 3.2024 9.4804 -0.0284 0.0
Car -1 -1 -4.6393 767.1521 498.7175 790.7095 516.4258 1.7140 2.0390 4.5030 -19.0860 3.2731 196.9264 -4.7403 0.0
Person_sitting -1 -1 -3.2036 1080.5588 510.1552 1111.9737 545.4617 1.2250 0.5390 1.0650 4.4226 2.1698 69.0349 -3.1444 0.0
Car -1 -1 -3.8222 3136.8024 444.2276 3833.0925 613.1635 1.6770 1.8410 4.4080 26.4522 1.2891 20.9077 -2.9356 0.0
Car -1 -1 -4.4340 484.7489 449.5503 599.3567 554.4264 4.1320 2.7570 7.2150 -17.5593 2.8023 81.3028 -4.6498 0.0
Car -1 -1 -1.5727 934.8817 493.6338 957.1109 512.2653 1.6430 1.9830 4.2000 -2.1829 2.5889 178.1911 -1.5895 0.0
Car -1 -1 -1.5720 936.3332 493.9853 953.2789 506.1200 1.4020 1.9830 4.2000 -2.9946 2.6799 233.4571 -1.5895 0.0
Car -1 -1 -1.5724 935.3908 493.9336 955.4173 510.7159 1.6430 1.9830 4.2000 -2.4785 2.7215 197.6678 -1.5895 0.0
Car -1 -1 -1.8027 -8095.7358 863.3717 -6980.2864 1051.0718 1.6410 1.8250 4.4410 -94.1914 6.0379 21.8702 -3.1451 0.0
Misc -1 -1 -7.0703 -1234.3072 317.0177 -725.6836 576.5951 2.0000 1.4050 2.9430 16.2975 1.2812 -16.6577 -4.7234 0.0
Car -1 -1 -2.9759 6121.7540 -3058.8749 23307.7607 163.0102 1.6900 1.8490 4.4640 -16.5472 2.6670 -3.7461 -4.7472 0.0
Car -1 -1 -1.9109 1557.9021 355.5046 1786.6845 481.2500 2.0330 2.0250 5.5890 -12.2223 2.0720 -34.7395 -4.7159 0.0
Car -1 -1 -4.6266 739.2065 498.8627 767.5306 519.6786 1.7140 2.0390 4.5030 -18.4466 3.0585 167.8995 -4.7403 0.0
Misc -1 -1 -7.1800 -764.1916 365.1063 -431.3743 556.5510 2.0000 1.4050 2.9430 17.4306 1.2347 -22.0596 -4.7234 0.0
Car -1 -1 1.5133 1115.0806 419.2849 1198.5170 483.5588 1.6370 1.9400 4.3020 -4.9182 1.6304 -52.3548 -1.5394 0.0
Misc -1 -1 -6.6571 -5542.5705 39.7659 -3110.2240 669.4859 2.0000 1.4050 3.0550 20.0252 1.4087 -7.8037 -4.7409 0.0
Car -1 -1 1.5627 1005.6315 453.3163 1042.3839 484.0430 1.6370 1.9400 4.3020 -2.9165 1.5974 -107.1189 -1.5568 0.0
Car -1 -1 -1.5402 874.1600 492.6134 890.2831 504.1126 1.5310 2.0770 4.4800 -11.9412 2.8098 268.2044 -1.5893 0.0
Car -1 -1 1.3368 -9527.6559 856.2421 -6675.5911 1320.9679 1.6770 2.0480 4.6090 -44.5612 3.7388 9.8419 -0.0109 0.0
Car -1 -1 -3.4745 1682.1160 515.1626 2193.9753 682.3661 1.5230 1.8840 4.1620 9.4512 1.8577 19.5389 -3.0367 0.0
Car -1 -1 -4.5937 666.0817 499.2059 707.4322 527.7592 1.7600 2.1190 4.5200 -18.1305 2.7981 126.2684 -4.7403 0.0
Car -1 -1 1.5389 935.4930 343.7680 1082.7237 469.5289 1.6370 1.9400 4.3020 -0.4820 1.8499 -28.2894 -1.5917 0.0
Car -1 -1 -4.6308 748.9257 499.9063 775.1329 519.3366 1.7140 2.0390 4.5030 -18.9824 3.2503 179.9547 -4.7403 0.0
Car -1 -1 -1.5661 925.1483 499.6165 972.3898 542.9880 1.8330 2.0390 4.6690 -0.9406 2.5761 87.3675 -1.5812 0.0
Misc -1 -1 -6.7782 -3153.7937 415.5052 -2505.8568 612.3953 2.0000 1.4050 2.9430 41.2289 0.6886 -21.5022 -4.7409 0.0
Car -1 -1 -1.5687 928.0369 502.6016 979.7354 549.4110 1.7690 2.0070 4.8790 -0.6508 2.5663 78.9201 -1.5812 0.0
Misc -1 -1 -4.0101 -1195.3483 365.9001 -821.0557 557.9662 2.0000 1.4050 2.9430 21.9932 1.2225 -22.0472 -1.6691 0.0
Misc -1 -1 -2.1874 -1942.0100 236.7274 -1185.8905 567.5895 2.0000 1.4530 3.0550 16.1660 1.4905 -12.6711 0.0239 0.0
Pedestrian -1 -1 -0.5424 -2575.1985 651.1022 -2165.0548 1004.7978 1.8620 0.7700 0.9330 -19.0851 2.8632 11.2849 -1.5644 0.0
Car -1 -1 -4.6472 746.6814 499.6280 772.8483 519.6274 1.7140 2.0390 4.5030 -18.6474 3.1826 174.8784 -4.7577 0.0
Car -1 -1 -2.3880 2741.0596 98.1609 3588.9357 376.5013 1.6080 1.7680 4.3390 -16.5126 2.5527 -15.2421 -4.6949 0.0
Car -1 -1 -1.5679 934.0795 502.1278 970.9606 536.1406 1.6140 1.7940 4.2070 -0.8721 2.5702 97.9342 -1.5812 0.0
Misc -1 -1 -6.5856 -5459.8711 475.8489 -4542.3523 666.4202 2.0000 1.4050 2.9430 66.7974 0.0782 -22.1508 -4.7059 0.0
Misc -1 -1 -3.9814 -968.4579 367.7944 -610.3176 559.0261 2.0000 1.4050 2.9430 19.5871 1.2080 -22.0825 -1.5818 0.0
Car -1 -1 -1.5679 936.1536 500.1648 969.2073 529.1732 1.5610 1.8150 3.6950 -0.9702 2.5189 110.0262 -1.5812 0.0
Car -1 -1 0.9231 1716.6451 -635.3615 3571.9135 384.2174 1.7010 1.8930 4.0970 -3.9324 2.0942 -5.7526 -1.5882 0.0
Misc -1 -1 -5.4205 -1300.9071 253.4817 -690.5430 547.5768 2.0000 1.4530 3.0550 14.0827 1.5629 -14.2121 -3.0828 0.0
Car -1 -1 -1.7073 933.2449 496.8833 971.6572 523.9058 1.5970 1.8580 3.5930 -1.0873 2.4395 120.2662 -1.7208 0.0
Car -1 -1 -4.6454 780.2916 497.9521 802.3497 514.7105 1.7140 2.0390 4.5030 -18.8302 3.2762 207.7512 -4.7403 0.0
Car -1 -1 -4.5207 45841.7031 -5919.6633 90859.3367 -2200.6056 1.6250 1.8410 4.4080 118.8799 -6.9884 3.8898 -2.9915 0.0
Misc -1 -1 -6.8956 -1867.1914 375.4632 -1382.9255 571.4982 2.0000 1.4050 2.9430 28.2566 1.1002 -21.5864 -4.6885 0.0
Car -1 -1 -1.8131 -9164.2069 848.9865 -7734.2887 1067.9028 1.6410 1.8250 4.4410 -90.7834 5.3631 19.0622 -3.1765 0.0
Car -1 -1 -4.6525 795.9544 496.7682 815.2347 511.5852 1.7140 2.0390 4.5030 -19.5429 3.3316 234.3088 -4.7403 0.0
Car -1 -1 -4.6697 741.7793 495.0386 763.6316 510.7944 1.8220 2.4020 4.6340 -25.7730 3.2294 233.7806 -4.7840 0.0
Car -1 -1 -4.6058 695.2286 502.1593 727.7146 525.7731 1.6030 1.8530 4.2400 -18.2634 2.9572 139.3033 -4.7403 0.0
Misc -1 -1 -6.8401 -2461.8686 393.0337 -1907.2100 587.8861 2.0000 1.4050 2.9430 34.5390 0.9265 -21.6997 -4.7234 0.0
Misc -1 -1 -6.8283 -2693.9232 400.7950 -2109.5373 596.1816 2.0000 1.4050 2.9430 36.8439 0.8445 -21.6561 -4.7409 0.0
Car -1 -1 -1.7885 -10736.9598 914.9840 -8850.9749 1178.1728 1.5210 1.7560 4.4410 -84.0833 5.1207 15.4725 -3.1765 0.0
Car -1 -1 -1.7529 1346.6301 429.0490 1418.8337 469.3067 1.4700 1.9610 4.2150 -15.7870 2.0216 -75.5389 -4.6927 0.0
Misc -1 -1 -3.5770 -4332.7294 312.1733 -3018.5282 641.2314 2.0000 1.4050 3.2650 31.6029 1.0401 -13.6366 -1.6167 0.0
Car -1 -1 -4.3436 74.4379 59.6675 675.4205 446.9334 1.6980 1.7620 4.6560 3.1253 1.9541 -11.4808 -1.4870 0.0
Car -1 -1 -1.6012 930.1632 507.0390 969.0144 538.0479 1.3740 1.6820 4.2260 -0.9812 2.5174 92.7302 -1.6161 0.0
Car -1 -1 -1.5341 861.9342 492.7577 878.6611 504.5458 1.5310 2.0770 4.4800 -13.2372 2.7986 261.7425 -1.5893 0.0
Misc -1 -1 -6.8383 -5152.9560 361.3029 -3830.0509 673.5554 2.0000 1.4050 2.9430 38.8542 0.7814 -14.2076 -4.9328 0.0
Misc -1 -1 -3.8841 -1455.9670 361.7254 -1031.2272 557.0207 2.0000 1.4050 2.9430 24.1837 1.2450 -21.6656 -1.5993 0.0
Car -1 -1 -3.9263 3339.1421 434.8447 4289.5756 623.9573 1.5750 2.0300 4.9510 25.3606 1.1715 17.7971 -2.9844 0.0
Cyclist -1 -1 1.3975 1189.9028 334.6189 1284.7475 478.0501 1.7820 0.8840 1.9690 -3.4441 1.8527 -25.5516 -1.6141 0.0
Car -1 -1 -1.5721 917.1346 394.2877 967.1254 521.2220 8.3930 3.3060 10.2280 -1.9460 2.5075 135.4050 -1.5910 0.0
Car -1 -1 1.3532 1240.0959 264.0375 1524.2316 451.7990 1.5770 1.8360 4.2040 -3.9041 1.9208 -19.3783 -1.5917 0.0
Misc -1 -1 -6.5379 -6886.3695 403.6892 -5327.4045 692.5108 2.0000 1.4050 2.9430 53.7269 0.5513 -15.1177 -4.7059 0.0
Car -1 -1 -2.7225 3375.6084 -189.1795 5348.9863 316.0384 1.5400 1.8090 4.7600 -16.2875 2.6086 -10.1139 -4.8339 0.0
Car -1 -1 -1.5714 934.7007 494.4014 952.4667 507.1536 1.4020 1.9830 4.2000 -2.9915 2.6673 222.3922 -1.5895 0.0
Car -1 -1 -1.7184 -15752.6553 1124.6786 -13233.5172 1437.7584 1.6410 1.8250 4.4410 -118.7970 6.9061 15.2130 -3.1625 0.0
Van -1 -1 -1.5425 -36169.8657 1706.3781 -22250.9387 3976.3965 3.7120 3.0960 7.2620 102.0428 -5.5581 -7.0902 0.0883 0.0
Car -1 -1 -1.7653 -12396.0444 967.2020 -10303.2511 1239.3083 1.5210 1.7560 4.4410 -95.5683 5.5293 15.3633 -3.1765 0.0
Car -1 -1 -1.5508 895.4883 493.5599 910.8854 504.8006 1.5310 2.0770 4.4800 -9.3076 2.9736 274.6993 -1.5893 0.0
Car -1 -1 -1.5667 933.5655 498.8309 967.0254 526.2511 1.5360 1.9150 4.2000 -1.1496 2.4582 114.8544 -1.5812 0.0
Misc -1 -1 -3.7211 -2065.2168 383.7477 -1558.5347 578.6441 2.0000 1.4050 2.9430 30.4612 1.0216 -21.7038 -1.5469 0.0
Car -1 -1 -2.5907 -28266.9504 -5598.1060 26716.0733 6736.0755 1.5410 1.8410 5.1740 6.9778 1.9575 -1.9068 -0.8238 0.0
Car -1 -1 -1.9391 1693.7310 363.9413 1874.1738 445.3471 1.4700 1.9610 4.2150 -16.2984 2.2754 -39.6829 -4.6927 0.0
Misc -1 -1 -2.3089 2254.2299 244.7634 2617.3571 447.4149 2.0000 1.5000 3.1060 -15.9618 2.4236 -21.6348 -4.8107 0.0
Car -1 -1 -4.6155 715.2657 499.7456 746.7438 521.9559 1.6660 2.0390 4.3100 -18.5666 2.9631 153.1862 -4.7403 0.0
Misc -1 -1 -3.6980 -2570.8541 309.7312 -1780.9792 596.7728 2.0000 1.4050 2.9430 23.9851 1.2094 -15.2054 -1.5818 0.0
Misc -1 -1 -6.4932 -6812.2918 90.6219 -4077.3588 717.8538 2.0000 1.4050 2.9430 24.4249 1.2521 -7.8023 -4.6361 0.0
Car -1 -1 -4.6393 729.4392 499.4548 758.4387 521.2942 1.7140 2.0390 4.5030 -18.3779 3.0475 160.3018 -4.7577 0.0
Misc -1 -1 -6.6170 -5921.7728 77.0239 -3477.0838 684.3594 2.0000 1.4050 2.9430 22.0088 1.3379 -7.9665 -4.7234 0.0
Car -1 -1 -4.6111 705.5264 500.3733 738.6763 523.8365 1.6660 2.0210 4.2400 -18.2474 2.9427 145.1526 -4.7403 0.0
Misc -1 -1 -6.8052 -5335.3220 232.8028 -3572.2650 667.8668 2.0000 1.4050 2.9430 28.5667 1.1515 -10.6320 -4.8979 0.0
Car -1 -1 -3.0068 450.8389 422.8214 659.0934 498.8080 1.5930 1.8810 4.1800 8.8750 1.2679 -42.4030 -0.0794 0.0
Car -1 -1 -4.6575 738.7958 505.2725 777.9656 537.9381 1.6260 1.8120 4.6910 -11.1127 2.8091 103.6724 -4.7682 0.0
Car -1 -1 -1.5578 904.6516 491.3797 929.0855 510.2129 1.8470 2.4110 4.9050 -5.3194 2.6685 197.8005 -1.5893 0.0
Car -1 -1 -4.6488 832.6493 493.2903 860.0964 512.5774 1.6860 2.1950 4.5240 -11.0807 2.5943 176.8237 -4.7159 0.0
Car -1 -1 -4.6483 795.3984 499.9054 825.0046 524.3756 1.6260 1.7770 4.4360 -11.0291 2.7928 136.1746 -4.7333 0.0
Car -1 -1 -3.0390 1548.1767 515.5363 1941.9483 644.0824 1.5450 1.8860 4.7870 10.4260 2.0110 26.5601 -2.6746 0.0
Car -1 -1 -4.6246 688.8977 504.0816 761.8071 563.9077 1.9300 2.0770 4.9510 -8.3749 2.6719 67.8127 -4.7508 0.0
Car -1 -1 -4.2782 -275.5735 558.6838 70.5213 719.6727 1.5120 1.8060 4.3910 -12.2377 2.4717 22.8396 -4.7647 0.0
Car -1 -1 -4.6414 816.5100 492.7317 846.7256 513.6833 1.6860 2.1950 4.5240 -11.4209 2.4765 162.8351 -4.7159 0.0
Car -1 -1 -4.4888 411.7730 526.3181 543.4048 604.7601 1.5120 1.8060 4.5610 -10.6195 2.4967 42.7931 -4.7333 0.0
Car -1 -1 -4.6541 805.4771 494.9156 838.3780 517.5276 1.6260 2.1950 4.5240 -10.9767 2.5021 146.2925 -4.7333 0.0
Car -1 -1 -4.3874 177.6248 540.4329 347.3790 629.4866 1.5120 1.8060 4.3910 -13.7299 2.6926 38.4957 -4.7298 0.0
Pedestrian -1 -1 -4.3456 201.6893 510.5701 250.1084 579.0087 1.8850 0.9460 1.0810 -20.8564 2.6571 55.2349 -4.7079 0.0
Car -1 -1 -1.3548 291.8653 543.8734 659.4939 787.2544 1.5550 1.9340 4.2290 -3.7594 2.1054 15.7733 -1.5845 0.0
DontCare -1 -1 -3.6382 -2522.4605 704.2897 -2431.8341 766.7845 0.7260 0.2500 0.5130 -43.7084 3.5576 24.9823 -4.6857 0.0
DontCare -1 -1 1.4596 -21086.9736 1429.5332 -16141.8944 2376.3564 1.2490 0.9310 0.7640 -39.1506 3.3928 3.9971 -0.0021 0.0
DontCare -1 -1 -4.4967 594.9064 528.7265 602.5753 547.3087 0.7920 0.2660 0.3070 -15.9974 2.7531 84.8886 -4.6863 0.0
DontCare -1 -1 1.3863 -4772.9546 749.4200 -4507.4444 862.5984 1.2270 0.9080 1.0800 -69.4353 4.5937 24.3908 0.1550 0.0
DontCare -1 -1 -3.9151 7956.5108 -137.4218 9150.0680 592.9927 2.9500 1.3100 0.5500 33.1268 0.4430 8.6612 -2.6183 0.0
DontCare -1 -1 1.5054 -36597.7224 1868.8137 -27301.0566 2979.1019 1.2200 1.0670 1.1680 -66.1468 4.4332 4.0340 -0.0021 0.0
DontCare -1 -1 -1.7965 -10938.9325 1188.7383 -8444.6156 1862.9041 1.1370 0.8750 1.1060 -25.2664 2.9897 4.7215 -3.1687 0.0
DontCare -1 -1 -4.4290 531.1192 534.0828 543.6124 553.7805 0.7670 0.3890 0.3950 -17.1289 2.7831 77.9995 -4.6481 0.0
DontCare -1 -1 0.2157 426.9351 537.9434 443.6143 560.1182 0.7850 0.3530 0.5160 -19.2339 2.7559 70.8639 -0.0518 0.0
DontCare -1 -1 -1.3257 394.3678 529.3505 435.7435 565.5611 1.1960 1.1100 1.1690 -18.9237 2.7810 67.2001 -1.6026 0.0
DontCare -1 -1 0.2065 448.0768 532.0357 462.0275 558.6527 0.9810 0.4690 0.4190 -19.2767 2.8116 73.7493 -0.0518 0.0
DontCare -1 -1 1.4149 -14444.2183 1258.8542 -11172.8189 2005.2059 1.2020 0.9310 1.1280 -31.8504 3.2003 4.6093 -0.0021 0.0
DontCare -1 -1 1.1395 -1699.4687 641.4276 -1536.4590 741.5944 1.1520 0.8830 1.0800 -32.7587 3.1986 24.9464 0.2248 0.0
DontCare -1 -1 1.4929 -30244.3615 1720.7832 -23029.8347 2687.0642 1.1720 1.0360 0.9750 -58.4373 4.1601 4.2378 -0.0021 0.0
DontCare -1 -1 1.2333 -4272.6350 728.6218 -4004.7907 837.5224 1.2270 0.9080 1.0800 -64.2620 4.3730 24.7920 0.0328 0.0
DontCare -1 -1 1.4649 -21580.6764 1494.7401 -16998.1530 2303.4188 1.1630 0.9310 0.7990 -45.3859 3.6954 4.4660 -0.0021 0.0
DontCare -1 -1 -4.4845 571.1446 530.9596 582.5961 550.5831 0.7940 0.3910 0.3560 -16.1205 2.7529 80.7840 -4.6846 0.0
DontCare -1 -1 1.5117 -40852.2277 1935.1445 -29972.0020 3141.0173 1.2790 1.1430 1.1680 -73.0532 4.6794 4.0413 -0.0021 0.0
DontCare -1 -1 0.9360 -2165.4376 659.7163 -1969.1277 756.2970 1.1130 0.8830 1.0800 -38.3519 3.3841 24.8906 -0.0545 0.0
DontCare -1 -1 0.2156 426.1361 529.4418 445.0416 560.6709 1.1010 0.4690 0.5660 -19.1067 2.7567 70.4379 -0.0518 0.0
DontCare -1 -1 1.4807 -25791.2962 1624.0968 -19969.6745 2491.2148 1.1280 0.9770 0.9750 -51.8236 3.9249 4.3403 -0.0021 0.0
DontCare -1 -1 -1.2237 322.2124 533.6680 367.3056 574.0586 1.2010 1.0600 0.9390 -19.1288 2.7549 60.2872 -1.5327 0.0