Car -1 -1 -4.5310 1825.7544 528.2765 2082.9448 602.0622 1.6730 1.8670 4.6290 25.7931 2.2628 24.7179 -4.7439 0.0
Misc -1 -1 -3.7715 1016.2765 486.5589 1071.1657 556.5496 2.0000 1.4050 2.9430 -2.1152 0.6128 -28.0542 -1.5795 0.0
Car -1 -1 -1.7710 3267.1341 419.0695 3773.6261 490.3334 1.6810 2.1040 4.2150 -68.2745 2.1989 -25.1252 -4.6904 0.0
Car -1 -1 -4.5714 1913.6381 532.3843 2150.6938 590.3944 1.5110 1.8670 4.6890 32.2994 2.3227 28.5924 -4.7439 0.0
Misc -1 -1 -5.7858 1388.3311 472.6894 1535.6766 552.4921 2.0000 1.4530 3.0550 -12.6280 0.8851 -24.0752 -3.1678 0.0
Car -1 -1 -4.6932 2263.4547 472.7284 2488.3459 520.4745 1.7330 2.0490 4.4090 -54.0294 1.2804 -35.9668 -1.5663 0.0
Misc -1 -1 -1.7266 496.1982 549.3770 559.7299 577.7825 3.7120 3.0960 7.2620 -61.1128 9.4815 128.0418 -3.1732 0.0
Car -1 -1 -1.6804 527.6942 564.1377 571.2524 578.8449 1.6410 1.8250 4.4410 -51.0342 8.4786 112.3049 -3.1073 0.0
Car -1 -1 -4.5989 2041.8689 520.5317 2120.9452 540.8535 1.7600 1.9900 4.3860 101.9034 2.9414 85.5008 -4.7379 0.0
Misc -1 -1 -3.6528 799.4958 510.0527 834.7595 558.2969 2.0000 1.4050 2.9430 6.6804 -0.0920 -40.2385 -1.7017 0.0
Car -1 -1 -2.1465 -2507785.4246 24.9432 7609.5128 178291.4848 1.5610 1.8490 4.7230 -32.7762 2.3959 -2.3002 -4.7620 0.0
Misc -1 -1 -6.5385 681.0332 521.2040 718.5585 555.5799 2.0000 1.4050 2.9430 16.5867 -0.8259 -56.7233 -4.7036 0.0
Car -1 -1 1.5324 2054.1273 269.8682 3047.4857 535.6574 1.8580 1.9400 4.3020 -13.5434 1.6647 -8.6537 -1.5720 0.0
Car -1 -1 -3.5156 458.4930 569.4735 750.8441 784.7358 1.5210 1.7560 4.4410 -3.6569 2.3435 10.1609 -4.7939 0.0
Pedestrian -1 -1 -4.1406 1380.1113 534.3381 1419.7761 590.4592 1.9170 0.8240 1.2590 15.1648 2.8690 32.9933 -4.7172 0.0
Car -1 -1 1.0797 801.2390 560.2817 975.5177 620.2952 1.4740 2.1020 4.6280 -2.2269 2.9833 25.7812 0.0088 0.0
Car -1 -1 -4.1107 -595.1040 514.9822 -297.8262 598.2963 1.6630 1.9240 4.1640 30.4399 -0.1595 -20.0205 -2.9995 0.0
Car -1 -1 -4.2005 -307.2232 537.4709 -40.9461 616.8012 2.1160 2.3330 5.9440 33.9732 -0.9270 -27.6378 -2.9821 0.0
Car -1 -1 -3.7543 -4396.4098 268.1830 -2197.2019 719.0001 1.9450 2.2160 6.2660 24.4182 1.0347 -5.5015 -3.0170 0.0
Misc -1 -1 -3.4244 708.6451 518.0331 747.1251 554.5860 2.0000 1.4050 2.9430 13.9406 -0.5893 -53.1767 -1.5621 0.0
Car -1 -1 -4.3510 116.5242 575.6135 219.9226 617.7484 1.9900 1.8410 4.4080 42.7880 -3.6962 -49.5187 -2.9473 0.0
Car -1 -1 -4.2788 -124.6058 561.0568 14.6191 612.4931 1.9900 1.8410 4.4080 43.8422 -2.3359 -39.7286 -2.9997 0.0
Car -1 -1 1.1700 687.6069 560.4535 870.1398 634.1647 1.6420 1.9370 4.1430 -4.7072 3.0007 23.1081 -0.0086 0.0
Car -1 -1 -1.5719 2365.2396 517.0839 2455.1660 535.3561 1.6430 1.9830 4.2000 135.7579 2.5211 87.8478 -1.5872 0.0
Car -1 -1 1.2977 569.9323 558.5280 715.5130 611.2981 1.8360 2.1700 4.8350 -12.5607 3.8379 35.7043 -0.0261 0.0
Car -1 -1 1.2483 608.4008 566.1562 768.6822 624.2878 1.6050 2.0440 4.3810 -8.7274 3.4804 28.9157 -0.0261 0.0
Car -1 -1 -4.6388 2142.1283 521.1705 2203.1608 535.1823 1.7140 2.0390 4.5030 155.2710 3.4494 120.3246 -4.7379 0.0
Person_sitting -1 -1 -3.2043 2684.7458 526.2359 2745.1081 562.5030 1.2250 0.5390 1.0650 59.8840 1.8567 31.9558 -3.1421 0.0
Car -1 -1 -1.6797 478.2517 564.9988 517.5212 577.8596 1.6410 1.9130 4.4410 -65.4450 9.5659 128.3443 -3.1525 0.0
Car -1 -1 -3.8285 -1696.3129 457.8982 -1157.9098 604.0992 1.6770 1.8410 4.4080 30.9109 0.5748 -12.0288 -2.9312 0.0
Car -1 -1 -4.4320 1849.6340 486.4313 2010.6909 558.4234 4.1320 2.7570 7.2150 58.4778 2.8937 57.0702 -4.6475 0.0
Car -1 -1 -1.5725 2369.9248 515.6488 2452.2303 532.2650 1.6430 1.9830 4.2000 148.5049 2.4495 96.0262 -1.5872 0.0
Car -1 -1 -1.5719 2374.7796 516.5540 2437.1735 527.3427 1.4020 1.9830 4.2000 194.7283 2.5826 126.3301 -1.5872 0.0
Car -1 -1 -1.5722 2371.8300 516.1594 2445.8053 531.0987 1.6430 1.9830 4.2000 164.7910 2.5971 106.7122 -1.5872 0.0
Car -1 -1 -1.7939 605.2541 567.9223 657.8123 586.2089 1.6410 1.8250 4.4410 -33.0881 7.5232 90.3895 -3.1437 0.0
Misc -1 -1 -7.0933 1169.0889 478.6482 1253.7927 561.3023 2.0000 1.4050 2.9430 -6.1043 0.7104 -23.9824 -4.7211 0.0
Car -1 -1 -2.9306 -541.6871 580.6648 111.6031 807.4335 1.6900 1.8490 4.4640 -12.7922 2.6979 10.6410 -4.7449 0.0
Car -1 -1 -1.8993 3617.3603 244.9993 5968.8940 511.8682 2.0330 2.0250 5.5890 -37.0708 2.0036 -9.8809 -4.7136 0.0
Car -1 -1 -4.6259 2107.9206 521.0589 2177.0899 537.2776 1.7140 2.0390 4.5030 131.1056 3.2088 104.2313 -4.7379 0.0
Misc -1 -1 -7.1968 1268.6885 485.3952 1352.0920 555.9726 2.0000 1.4050 2.9430 -10.0580 0.6407 -27.8333 -4.7211 0.0
Car -1 -1 1.5180 2557.1059 449.6894 2934.4953 516.6421 1.6370 1.9400 4.3020 -47.1007 1.4258 -24.9256 -1.5336 0.0
Misc -1 -1 -6.6905 792.2885 473.4355 866.9892 562.6913 2.0000 1.4050 3.0550 3.3695 0.7746 -22.3857 -4.7386 0.0
Car -1 -1 1.5630 2433.4389 484.9713 2583.6727 513.3141 1.6370 1.9400 4.3020 -92.1622 1.3304 -55.8841 -1.5545 0.0
Car -1 -1 -1.5399 2283.4608 516.1842 2335.5514 525.9071 1.5310 2.0770 4.4800 219.2712 2.8919 152.5025 -1.5870 0.0
Car -1 -1 1.3538 544.8320 564.9335 665.9945 606.3693 1.6770 2.0480 4.6090 -16.3224 4.2843 41.5537 -0.0086 0.0
Car -1 -1 -3.4902 8428.1092 -2524.5628 734179.2030 46554.0629 1.5230 1.8840 4.1620 20.7898 1.4289 1.1881 -3.0344 0.0
Car -1 -1 -4.5927 2025.2818 520.8813 2110.6279 542.2469 1.7600 2.1190 4.5200 96.1256 2.9221 81.6563 -4.7379 0.0
Car -1 -1 1.5395 2193.5792 402.2651 2703.0241 511.9867 1.6370 1.9400 4.3020 -24.8869 1.5776 -16.0448 -1.5894 0.0
Car -1 -1 -4.6303 2119.8298 521.9647 2185.0972 537.1917 1.7140 2.0390 4.5030 140.9980 3.4163 111.1415 -4.7379 0.0
Car -1 -1 -1.5660 2338.5406 518.2575 2527.0095 558.1327 1.8330 2.0390 4.6690 72.4932 2.3692 46.3006 -1.5789 0.0
Misc -1 -1 -6.7927 895.0909 514.3806 924.9059 555.1201 2.0000 1.4050 2.9430 3.1602 -0.3366 -47.6143 -4.7386 0.0
Car -1 -1 -1.5686 2336.3332 520.2922 2554.6632 563.9297 1.7690 2.0070 4.8790 65.5165 2.3499 41.5290 -1.5789 0.0
Misc -1 -1 -4.0274 1162.2933 491.1685 1231.4467 552.8728 2.0000 1.4050 2.9430 -7.6028 0.5457 -31.6777 -1.6668 0.0
Misc -1 -1 -2.2169 1025.8587 467.0279 1163.4994 555.7241 2.0000 1.4530 3.0550 -2.8071 0.9240 -21.7380 0.0262 0.0
Pedestrian -1 -1 -0.5202 892.9360 555.2592 930.1040 642.1792 1.8620 0.7700 0.9330 -1.3543 2.9478 20.9016 -1.5655 0.0
Car -1 -1 -4.6466 2116.3222 521.6998 2183.5457 537.3540 1.7140 2.0390 4.5030 136.8911 3.3400 108.1392 -4.7554 0.0
Car -1 -1 -2.3622 -8486.7388 643.8086 -2062.5165 1565.8891 1.6080 1.7680 4.3390 -22.4805 2.5774 4.4526 -4.6926 0.0
Car -1 -1 -1.5678 2358.8842 520.9762 2509.7221 552.2211 1.6140 1.7940 4.2070 81.4501 2.3673 51.9066 -1.5789 0.0
Misc -1 -1 -6.5958 739.6340 526.4846 767.9692 554.6186 2.0000 1.4050 2.9430 16.3083 -1.4109 -69.5349 -4.7036 0.0
Misc -1 -1 -3.9986 1217.3067 489.0376 1289.9516 555.0276 2.0000 1.4050 2.9430 -8.9221 0.5749 -29.6654 -1.5795 0.0
Car -1 -1 -1.5678 2370.2813 519.7650 2491.4290 546.1787 1.5610 1.8150 3.6950 91.6055 2.3237 58.4710 -1.5789 0.0
Car -1 -1 0.9354 -4839.3789 -131.2617 3677.5825 1856.7999 1.7010 1.8930 4.0970 -7.1978 1.8969 -0.7259 -1.5859 0.0
Misc -1 -1 -5.4476 1133.1435 459.9207 1284.0500 552.9819 2.0000 1.4530 3.0550 -5.2238 1.0334 -20.8065 -3.0805 0.0
Car -1 -1 -1.7072 2373.3843 517.2338 2482.2788 541.7026 1.5970 1.8580 3.5930 100.1873 2.2516 64.0591 -1.7185 0.0
Car -1 -1 -4.6450 2158.4425 520.6247 2217.3056 533.9834 1.7140 2.0390 4.5030 164.5470 3.4532 125.9102 -4.7379 0.0
Car -1 -1 -4.5266 327.7996 594.7662 378.4312 612.3971 1.6250 1.8410 4.4080 66.0378 -9.3712 -99.2132 -2.9892 0.0
Misc -1 -1 -6.9127 1049.9347 499.8187 1091.5488 552.6232 2.0000 1.4050 2.9430 -3.8585 0.3101 -36.7159 -4.6862 0.0
Car -1 -1 -4.3934 -38.2476 560.6384 109.8665 606.3114 1.6930 1.8410 4.4080 38.2407 -2.2133 -38.0342 -3.0695 0.0
Car -1 -1 -1.8054 580.9359 562.9852 636.7518 582.2707 1.6410 1.8250 4.4410 -33.4814 6.7691 85.7611 -3.1759 0.0
Car -1 -1 -4.6522 2178.7013 519.8453 2231.9115 531.7473 1.7140 2.0390 4.5030 186.5869 3.5347 140.7443 -4.7379 0.0
Car -1 -1 -4.6692 2112.5241 518.8263 2165.5473 531.0110 1.8220 2.4020 4.6340 182.8018 3.5452 145.7215 -4.7817 0.0
Car -1 -1 -4.6050 2057.9222 523.2218 2131.4747 541.1887 1.6030 1.8530 4.2400 107.0601 3.0901 88.7523 -4.7379 0.0
Misc -1 -1 -6.8559 969.4872 507.4911 1002.0475 553.3076 2.0000 1.4050 2.9430 -0.5892 0.0225 -42.0769 -4.7211 0.0
Misc -1 -1 -6.8437 942.7436 510.0765 973.4653 553.9803 2.0000 1.4050 2.9430 0.6819 -0.1013 -43.9979 -4.7386 0.0
Car -1 -1 -1.7718 549.4397 565.3966 611.0402 585.0882 1.5210 1.7560 4.4410 -32.9428 6.4059 78.2274 -3.1676 0.0
Car -1 -1 -1.7507 3162.4263 437.2634 3582.3731 491.7917 1.4700 1.9610 4.2150 -73.0027 2.0034 -28.4674 -4.6904 0.0
Misc -1 -1 -3.5974 826.2381 502.6585 871.1157 557.9907 2.0000 1.4050 3.2650 4.6457 0.1933 -35.2789 -1.6144 0.0
Car -1 -1 -4.3422 1564.8913 307.9189 2100.7014 516.2902 1.6980 1.7620 4.6560 -8.5459 1.6305 -9.9811 -1.4742 0.0
Car -1 -1 -1.6010 2351.2979 525.0261 2509.4473 553.7318 1.3740 1.6820 4.2260 76.9968 2.3139 49.2109 -1.6138 0.0
Car -1 -1 -1.5339 2266.3169 516.3669 2318.7266 526.2511 1.5310 2.0770 4.4800 213.1211 2.9010 150.1334 -1.5870 0.0
Misc -1 -1 -6.8557 776.3885 512.2415 810.1537 558.9490 2.0000 1.4050 2.9430 8.0470 -0.1972 -41.7017 -4.9305 0.0
Misc -1 -1 -3.9017 1115.6530 492.5577 1171.9566 550.9910 2.0000 1.4050 2.9430 -6.1065 0.5287 -33.3226 -1.5970 0.0
Car -1 -1 -3.9469 -1282.4838 472.1753 -731.3609 596.6446 1.5750 2.0300 4.9510 27.8383 0.4534 -13.1641 -2.9821 0.0
Cyclist -1 -1 1.4030 2665.1935 368.1914 3046.6020 520.4213 1.7820 0.8840 1.9690 -23.8842 1.6367 -11.8876 -1.6083 0.0
Car -1 -1 -1.5721 2293.4553 424.9341 2539.4355 540.1680 8.3930 3.3060 10.2280 112.5322 2.3425 72.8831 -1.5887 0.0
Car -1 -1 1.3569 2596.8606 244.4612 4001.4325 495.4598 1.5770 1.8360 4.2040 -18.8814 1.7158 -8.1740 -1.5894 0.0
Misc -1 -1 -6.5510 693.5892 519.5434 731.7839 555.1072 2.0000 1.4050 2.9430 15.2463 -0.6974 -54.7401 -4.7036 0.0
Car -1 -1 -2.6875 -2846.9551 615.1026 -735.8159 1047.1956 1.5400 1.8090 4.7600 -18.0301 2.6317 7.0102 -4.8316 0.0
Car -1 -1 -1.5713 2371.8106 516.8302 2437.2285 528.1700 1.4020 1.9830 4.2000 185.3883 2.5644 120.3975 -1.5872 0.0
Car -1 -1 -1.7111 500.7630 569.5654 546.8973 585.0145 1.6410 1.8250 4.4410 -51.7357 8.8092 107.3450 -3.1602 0.0
Van -1 -1 -1.5531 438.6102 585.6817 527.5972 627.2349 3.7120 3.0960 7.2620 48.2721 -7.8294 -91.8877 0.0871 0.0
Car -1 -1 -1.7563 529.4394 565.6249 584.7958 583.1651 1.5210 1.7560 4.4410 -39.1820 7.0218 87.8409 -3.1742 0.0
Car -1 -1 -1.5506 2314.0171 516.8290 2366.5727 526.4906 1.5310 2.0770 4.4800 226.1673 3.0111 153.7578 -1.5870 0.0
Car -1 -1 -1.5666 2361.8860 518.7679 2490.9014 543.7062 1.5360 1.9150 4.2000 95.5850 2.2687 61.2111 -1.5789 0.0
Misc -1 -1 -3.7377 1021.1487 503.2119 1058.3009 553.2837 2.0000 1.4050 2.9430 -2.7770 0.1915 -38.6385 -1.5446 0.0
Car -1 -1 -2.6414 431.2523 259.3463 1050.0689 507.1571 1.5410 1.8410 5.1740 1.6598 1.5509 -8.3024 -0.8040 0.0
Car -1 -1 -1.9321 4544.1683 190.6457 7075.2258 438.8580 1.4700 1.9610 4.2150 -43.0030 2.2842 -8.8227 -4.6904 0.0
Misc -1 -1 -2.2915 -12029.5491 -1977.1555 28201.1306 1620.0418 2.0000 1.5000 3.1060 -27.5823 2.4351 0.5626 -4.8084 0.0
Car -1 -1 -4.6147 2080.9363 521.6070 2152.1527 538.6731 1.6660 2.0390 4.3100 118.6186 3.1084 96.4486 -4.7379 0.0
Misc -1 -1 -3.7208 973.4940 491.5278 1020.7564 557.4555 2.0000 1.4050 2.9430 -0.7593 0.4999 -29.6921 -1.5795 0.0
Misc -1 -1 -6.5218 725.7233 487.6327 806.1744 563.3265 2.0000 1.4050 2.9430 5.7269 0.5383 -26.0963 -4.6338 0.0
Car -1 -1 -4.6387 2095.6626 521.4377 2167.4746 538.3660 1.7140 2.0390 4.5030 124.7280 3.1928 100.1015 -4.7554 0.0
Misc -1 -1 -6.6480 767.7426 480.6062 841.3728 562.6631 2.0000 1.4050 2.9430 4.2943 0.6678 -24.1462 -4.7211 0.0
Car -1 -1 -4.6103 2070.0000 521.9752 2143.2442 539.9116 1.6660 2.0210 4.2400 112.0071 3.0782 91.8739 -4.7379 0.0
Misc -1 -1 -6.8288 783.9289 496.6290 828.6693 559.6144 2.0000 1.4050 2.9430 5.5564 0.3612 -31.1074 -4.8956 0.0
Car -1 -1 -3.0102 1826.3384 482.9641 1999.9648 531.6756 1.5930 1.8810 4.1800 -31.8188 0.8189 -31.5141 -0.0771 0.0
Car -1 -1 -4.6562 2096.1024 524.5475 2212.4458 550.7705 1.6260 1.8120 4.6910 80.0446 2.7904 63.0765 -4.7659 0.0
Car -1 -1 -1.5533 2323.3614 514.2292 2406.1643 530.5302 1.8470 2.4110 4.9050 164.2312 2.5978 109.7314 -1.5826 0.0
Car -1 -1 -4.6481 2223.3688 516.3122 2300.3336 532.3556 1.6860 2.1950 4.5240 141.8593 2.6203 102.3469 -4.7136 0.0
Car -1 -1 -4.6474 2171.5428 521.0865 2260.8788 541.1162 1.6260 1.7770 4.4360 107.8004 2.7918 80.6537 -4.7310 0.0
Car -1 -1 -3.0326 4752.0109 512.9526 12150.8096 1118.2366 1.5450 1.8860 4.7870 27.2299 1.5784 4.3441 -2.6635 0.0
Car -1 -1 -4.6224 2032.2541 521.8303 2217.1018 569.3809 1.9300 2.0770 4.9510 51.4694 2.5875 41.7212 -4.7485 0.0
Car -1 -1 -4.2516 1386.6022 545.3400 1584.5356 630.5935 1.5120 1.8060 4.3910 11.1997 2.4328 20.6981 -4.7659 0.0
Car -1 -1 -4.6407 2201.7705 515.7504 2283.5680 532.9928 1.6860 2.1950 4.5240 130.0313 2.4979 95.2398 -4.7136 0.0
Car -1 -1 -4.4829 1782.2512 534.4639 1974.9792 588.8065 1.5120 1.8060 4.5610 29.4110 2.4425 30.4111 -4.7310 0.0
Car -1 -1 -4.6534 2186.0263 517.2613 2276.2304 535.8188 1.6260 2.1950 4.5240 116.3973 2.5050 86.0498 -4.7310 0.0
Car -1 -1 -4.3782 1621.2097 541.5636 1783.2244 596.5941 1.5120 1.8060 4.3910 23.7278 2.6910 30.4636 -4.7310 0.0
Pedestrian -1 -1 -4.3395 1655.5891 526.2839 1691.3020 565.4694 1.8850 0.9460 1.0810 34.5241 2.7956 45.7910 -4.7056 0.0
Car -1 -1 -1.3582 1711.0028 535.2100 2282.9024 715.9356 1.5550 1.9340 4.2290 11.2259 1.9323 10.7720 -1.5857 0.0
DontCare -1 -1 -3.6243 910.6898 571.6794 916.3250 586.2264 0.7260 0.2500 0.5130 -3.0881 4.0952 48.9530 -4.6834 0.0
DontCare -1 -1 1.4796 450.2634 578.1398 485.1177 614.8806 1.2490 0.9310 0.7640 -18.3623 3.8375 33.8603 0.0002 0.0
DontCare -1 -1 -4.4949 1972.1686 540.5848 1981.7917 553.5681 0.7920 0.2660 0.3070 62.3300 2.8180 57.6810 -4.6840 0.0
DontCare -1 -1 1.3967 733.4200 565.3621 751.7768 582.5868 1.2270 0.9080 1.0800 -17.3624 5.5974 70.3351 0.1573 0.0
DontCare -1 -1 -3.9370 16.4587 523.4491 91.2635 639.1446 2.9500 1.3100 0.5500 24.2850 -0.4203 -24.6073 -2.6160 0.0
DontCare -1 -1 1.5174 419.2263 575.4556 448.5370 596.9577 1.2200 1.0670 1.1680 -32.7879 5.3672 56.6515 0.0002 0.0
DontCare -1 -1 -1.7662 515.0641 590.7874 576.8526 642.0532 1.1370 0.8750 1.1060 -10.3147 3.1829 22.5353 -3.1664 0.0
DontCare -1 -1 -4.4267 1911.6895 543.3866 1925.0464 556.6913 0.7670 0.3890 0.3950 55.9078 2.8651 54.9434 -4.6458 0.0
DontCare -1 -1 0.2187 1821.9172 544.5796 1836.5826 558.6939 0.7850 0.3530 0.5160 48.7553 2.8725 52.8964 -0.0495 0.0
DontCare -1 -1 -1.3226 1793.5080 538.7383 1833.3581 561.6919 1.1960 1.1100 1.1690 45.8300 2.8902 50.6697 -1.6002 0.0
DontCare -1 -1 0.2093 1838.2308 541.1380 1852.9474 558.2603 0.9810 0.4690 0.4190 51.1696 2.9304 54.4777 -0.0495 0.0
DontCare -1 -1 1.4392 483.0528 583.4313 535.8451 626.5377 1.2020 0.9310 1.1280 -13.9354 3.5129 28.0293 0.0002 0.0
DontCare -1 -1 1.1549 1022.2697 563.1357 1050.5763 592.0613 1.1520 0.8830 1.0800 2.7473 3.5377 39.6957 0.2271 0.0
DontCare -1 -1 1.5065 430.5183 577.2887 459.4268 600.6468 1.1720 1.0360 0.9750 -28.4872 4.9544 50.2575 0.0002 0.0
DontCare -1 -1 1.2443 762.7553 564.5988 780.9978 582.7788 1.2270 0.9080 1.0800 -14.2534 5.2832 66.1867 0.0351 0.0
DontCare -1 -1 1.4823 453.4286 580.1544 484.2047 609.6840 1.1630 0.9310 0.7990 -21.3051 4.2532 39.3703 0.0002 0.0
DontCare -1 -1 -4.4825 1949.3719 541.7594 1962.2356 555.3128 0.7940 0.3910 0.3560 58.7988 2.8180 55.5850 -4.6823 0.0
DontCare -1 -1 1.5227 415.5010 573.7875 442.8182 594.2165 1.2790 1.1430 1.1680 -36.4801 5.7386 62.4813 0.0002 0.0
DontCare -1 -1 0.9507 954.3771 564.2318 977.8236 589.0045 1.1130 0.8830 1.0800 -0.2954 3.8246 44.3843 -0.0522 0.0
DontCare -1 -1 0.2185 1820.8140 539.1754 1838.4102 559.0460 1.1010 0.4690 0.5660 48.4650 2.8708 52.5601 -0.0495 0.0
DontCare -1 -1 1.4960 439.5027 579.3995 471.0604 604.6877 1.1280 0.9770 0.9750 -24.8590 4.5994 44.7335 0.0002 0.0
DontCare -1 -1 -1.2198 1740.8489 540.4880 1777.3709 565.1165 1.2010 1.0600 0.9390 39.8837 2.8644 47.1383 -1.5304 0.0